Year	month	day	discharge 	SWE 	MSWE	SD	PA	APA	PAperAve	TmMax	TMMin	TMAve
2011	1	1	0.2	272	138	104	287	166	173%	-15.9	-29.4	-22.5
2011	1	2	0.2	272	140	102	287	167	172%	-7.1	-26.1	-14.9
2011	1	3	0.2	272	142	99	287	168	171%	-3.9	-21.4	-10.7
2011	1	4	0.2	272	143	99	287	169	170%	-4	-21.5	-12.1
2011	1	5	0.2	274	144	99	290	171	170%	-3.5	-14.3	-8.2
2011	1	6	0.2	274	146	97	290	174	167%	-0.2	-15.3	-9.1
2011	1	7	0.2	274	148	97	290	175	166%	-0.3	-14.1	-8
2011	1	8	0.2	274	150	94	290	177	164%	0.8	-12.1	-4.7
2011	1	9	0.2	274	151	97	290	178	163%	-4	-21.2	-10.3
2011	1	10	0.2	274	152	104	290	180	161%	-15.1	-27.8	-21.5
2011	1	11	0.2	274	153	104	290	182	159%	-10.1	-24.3	-17.3
2011	1	12	0.2	277	155	102	292	184	159%	-3.7	-23.5	-12
2011	1	13	0.2	277	155	97	292	186	157%	1.2	-6.4	-3.1
2011	1	14	0.2	277	156	97	292	186	157%	-0.7	-6	-3.5
2011	1	15	0.2	277	157	97	292	187	156%	-0.1	-6.4	-3.6
2011	1	16	0.2	277	158	94	292	187	156%	2.4	-10	-3.1
2011	1	17	0.2	277	159	94	292	188	155%	2.8	-4	-1
2011	1	18	0.2	287	161	104	302	189	160%	-1.6	-7.6	-4.4
2011	1	19	0.2	287	163	102	302	191	158%	-1.5	-16.8	-7.4
2011	1	20	0.2	287	165	119	302	193	156%	-4.7	-23.1	-11.9
2011	1	21	0.2	287	167	112	302	193	156%	-4.3	-17	-8.8
2011	1	22	0.2	287	170	109	302	195	155%	-3.6	-10.3	-7.3
2011	1	23	0.2	287	172	114	302	196	154%	-3.6	-20.2	-10.4
2011	1	24	0.2	287	174	109	302	197	153%	-7.3	-23.4	-13.1
2011	1	25	0.2	292	176	117	305	200	153%	-4.5	-24.1	-13.1
2011	1	26	0.2	297	178	114	307	202	152%	-2.7	-14	-8.7
2011	1	27	0.2	300	180	114	310	203	153%	1.2	-15.7	-8.6
2011	1	28	0.2	305	182	112	315	204	154%	4.8	-15.4	-7.1
2011	1	29	0.2	307	184	112	315	206	153%	3.4	-13.8	-5.5
2011	1	30	0.2	310	187	109	318	208	153%	2.8	-13.5	-5.9
2011	1	31	0.2	310	189	107	318	210	151%	-1.5	-21.6	-11
2011	2	1	0.2	315	192	117	320	211	152%	-21.5	-19.9	-20.7
2011	2	2	0.2	315	195	114	320	213	150%	-20.2	-18.2	-19.2
2011	2	3	0.2	315	198	114	320	214	150%	-7	-18.2	-12.6
2011	2	4	0.2	315	200	112	320	215	149%	-4.4	-21.4	-10.8
2011	2	5	0.2	318	201	114	320	216	148%	-2.4	-12.2	-6.4
2011	2	6	0.2	325	202	124	323	217	149%	-9.1	-21.6	-12.5
2011	2	7	0.2	333	203	135	328	218	150%	-4	-18.1	-9.1
2011	2	8	0.2	340	204	137	333	219	152%	-7.8	-24.4	-16.6
2011	2	9	0.2	343	205	140	335	221	152%	-11.1	-23.3	-17.2
2011	2	10	0.2	343	206	137	335	223	150%	-7	-28.7	-16.2
2011	2	11	0.2	343	207	132	335	225	149%	-2.2	-20.1	-11.6
2011	2	12	0.2	343	209	130	335	228	147%	2.2	-16.3	-8
2011	2	13	0.2	343	211	127	335	230	146%	5.4	-13.1	-4.3
2011	2	14	0.2	343	212	127	335	232	144%	6.8	-13.1	-2.2
2011	2	15	0.2	343	215	122	335	235	143%	7	-12.7	-3.1
2011	2	16	0.2	343	217	122	335	237	141%	5	-10.5	-1.3
2011	2	17	0.2	343	219	119	335	238	141%	0	-10.6	-7.5
2011	2	18	0.2	351	222	132	340	240	142%	0.2	-14.8	-5.9
2011	2	19	0.2	353	224	132	343	242	142%	6.5	-12	-2
2011	2	20	0.2	361	226	137	348	246	141%	-2.6	-11.2	-6.6
2011	2	21	0.2	361	228	135	348	248	140%	-2.9	-17.2	-10.3
2011	2	22	0.2	361	229	135	348	250	139%	-0.7	-20.3	-8.5
2011	2	23	0.2	361	230	132	348	252	138%	0	-14.6	-6.7
2011	2	24	0.2	361	232	130	348	253	138%	-2.7	-9.8	-5.8
2011	2	25	0.2	368	233	135	353	255	138%	-3.4	-7.5	-5.5
2011	2	26	0.2	384	235	152	363	257	141%	-2.3	-5.2	-3.9
2011	2	27	0.2	391	236	157	371	258	144%	1.5	-17.1	-6.4
2011	2	28	0.2	391	238	152	371	260	143%	3.1	-18.2	-6.2
2011	3	1	0.2	391	241	150	371	263	141%	5.7	-14.5	-4.2
2011	3	2	0.2	391	243	147	371	264	141%	5.6	-13.5	-2.3
2011	3	3	0.2	394	245	140	371	266	139%	1.8	-10	-2.4
2011	3	4	0.2	404	247	150	378	267	142%	-1.6	-20.5	-9.7
2011	3	5	0.2	404	250	150	378	268	141%	-0.6	-21.5	-8.9
2011	3	6	0.2	406	253	145	381	272	140%	0.5	-6.8	-3.4
2011	3	7	0.2	411	255	147	384	274	140%	4.1	-6.9	-2.7
2011	3	8	0.2	414	257	147	386	276	140%	-2.7	-16.8	-7.5
2011	3	9	0.2	414	259	147	386	277	139%	0.7	-9.9	-5.3
2011	3	10	1.5	414	261	147	386	278	139%	6.8	-13.6	-2.1
2011	3	11	2.8	414	262	142	386	280	138%	6.8	-6.1	1.3
2011	3	12	2.8	417	263	142	389	282	138%	6.9	-6	0
2011	3	13	2.8	422	264	147	391	284	138%	1.5	-13.7	-4.5
2011	3	14	2.8	427	265	147	396	285	139%	7.9	-14	-2.1
2011	3	15	2.7	429	267	147	399	288	139%	7.2	-7.9	-0.8
2011	3	16	2.7	429	269	145	399	289	138%	10.6	-7	3.7
2011	3	17	2.7	429	271	140	399	291	137%	4.5	-6	-2.7
2011	3	18	2.7	462	273	170	429	293	146%	4.3	-9.4	-3.3
2011	3	19	2.7	465	275	168	432	296	146%	7.5	-10	-0.2
2011	3	20	2.7	465	277	163	432	298	145%	7.6	-4.6	1.6
2011	3	21	2.7	465	278	160	432	300	144%	10.2	-7.1	2
2011	3	22	2.7	470	280	160	432	301	144%	-0.6	-6.9	-4.7
2011	3	23	2.7	470	281	160	434	302	144%	3	-10.6	-3.9
2011	3	24	1	470	284	157	434	304	143%	4.7	-12	-4.5
2011	3	25	1	470	285	157	434	306	142%	1.5	-13.7	-5
2011	3	26	0.8	475	287	157	437	308	142%	1.7	-16.6	-5.2
2011	3	27	1	478	290	157	439	311	141%	2.2	-5.7	-2.8
2011	3	28	1.1	488	292	165	447	314	142%	1.5	-12.8	-4.3
2011	3	29	0.6	495	294	165	452	317	143%	1.7	-17.5	-5.8
2011	3	30	1.1	498	296	163	452	319	142%	1	-5.6	-1.7
2011	3	31	1	498	298	157	452	323	140%	8.1	0.4	3.3
2011	4	1	1	498	299	155	455	325	140%	10.2	-1.3	4.1
2011	4	2	1.3	498	301	152	455	327	139%	12.9	-1.8	7.8
2011	4	3	2	500	303	147	455	330	138%	6.6	-10.2	-3.6
2011	4	4	1.2	526	304	168	478	333	144%	-1.6	-16.6	-6.4
2011	4	5	1.5	526	306	165	478	336	142%	9.8	-9.1	2.5
2011	4	6	2.7	528	308	157	480	337	142%	1.9	-4.6	-0.8
2011	4	7	3.9	538	309	168	488	338	144%	7.6	-7	0.9
2011	4	8	8.1	538	311	160	488	341	143%	10.8	-5.1	2.4
2011	4	9	8.9	538	313	160	490	342	143%	9.6	-6	0.3
2011	4	10	9.1	551	315	168	498	345	144%	0.3	-8.7	-4.7
2011	4	11	9.1	556	317	165	500	347	144%	7.6	-10.8	-1.3
2011	4	12	9.2	556	318	163	503	350	144%	9.2	-7.9	1.6
2011	4	13	9.2	559	320	160	503	353	142%	10.1	-6.3	1.6
2011	4	14	9.1	566	320	160	505	355	142%	0.6	-7.2	-2.9
2011	4	15	6.9	579	321	168	516	356	145%	2.3	-9.9	-3.3
2011	4	16	3.1	579	323	165	516	357	145%	7.1	-5.8	1
2011	4	17	3.1	582	323	163	518	358	145%	6.7	-1.4	2.3
2011	4	18	3.3	592	325	160	523	361	145%	4.2	-1.2	2.1
2011	4	19	3.9	610	328	165	544	363	150%	2.1	-4.4	-1.6
2011	4	20	3.4	612	332	168	551	366	151%	7.4	-4.8	1.5
2011	4	21	4	617	337	163	554	368	151%	4.8	-4.4	0.4
2011	4	22	4.1	638	340	170	572	371	154%	1.2	-6.6	-3.1
2011	4	23	3.9	638	343	173	577	374	154%	2.5	-6.7	-1.7
2011	4	24	3.7	650	345	180	587	379	155%	7	-2.2	0.6
2011	4	25	4	663	348	180	599	383	156%	4.1	-5.3	-0.7
2011	4	26	4.2	668	349	180	605	387	156%	0.6	-6.8	-3.2
2011	4	27	3.9	668	350	180	607	388	156%	3.3	-10	-3.8
2011	4	28	3.9	671	352	178	610	391	156%	9.2	-11.9	0.4
2011	4	29	4	673	354	175	612	394	155%	4.3	-8.8	-2.7
2011	4	30	3.8	683	357	196	625	396	158%	-3	-12.5	-7.8
2011	5	1	3.7	686	361	193	627	400	157%	0.6	-13.8	-6.7
2011	5	2	3.4	688	364	190	632	402	157%	2.7	-15.1	-5.7
2011	5	3	3.2	688	367	190	635	406	156%	8.6	-14.8	0.4
2011	5	4	3.7	688	369	183	635	407	156%	6.7	-7.2	0.8
2011	5	5	3.5	686	368	180	635	409	155%	11.2	-11.4	1.8
2011	5	6	4.2	686	366	178	638	410	156%	12.8	-2.1	6.2
2011	5	7	5.9	686	362	173	638	411	155%	15.7	-1.5	7.2
2011	5	8	10	678	356	170	638	413	154%	15.7	-2.7	6.2
2011	5	9	16.8	660	349	165	640	416	154%	14.2	-2.9	3.3
2011	5	10	19.4	648	339	163	640	418	153%	10	-2.1	3.4
2011	5	11	19.7	643	330	163	640	420	152%	2.3	-2.2	-0.5
2011	5	12	15.8	653	321	175	653	422	155%	2.1	-2.2	-0.2
2011	5	13	13.5	663	311	178	665	425	156%	11.9	-5.7	3.3
2011	5	14	14.6	658	300	170	668	429	156%	11.9	-5.5	3.4
2011	5	15	18.3	655	290	163	668	431	155%	14.5	-2.4	4.4
2011	5	16	23.3	650	279	163	671	433	155%	15.6	-2.1	6.8
2011	5	17	26.6	635	269	157	671	435	154%	9	-1.4	3.6
2011	5	18	27.4	620	259	155	671	438	153%	7.1	-1.5	1.9
2011	5	19	25.4	632	248	170	686	439	156%	3.9	-1.6	0.5
2011	5	20	20.1	653	237	173	706	440	160%	4.2	-1.9	0.4
2011	5	21	16.9	658	224	173	714	442	162%	6.2	-0.7	2.5
2011	5	22	15.1	660	208	170	719	445	162%	13.2	0.8	5.9
2011	5	23	18.4	660	191	165	721	447	161%	13.1	0.7	4.5
2011	5	24	22.4	663	172	160	724	449	161%	7.3	-0.7	2.5
2011	5	25	21.4	658	149	157	729	451	162%	10.6	-1.5	2.9
2011	5	26	19.7	658	125	155	732	454	161%	14.3	-1.1	6.6
2011	5	27	24.6	650	100	147	732	457	160%	10.4	0.1	3.4
2011	5	28	25.6	640	75	145	732	459	159%	14.1	0.1	6.9
2011	5	29	30.9	625	49	142	732	461	159%	17.9	2.6	11
2011	5	30	34	607	23	132	732	465	157%	7.8	-1.4	3
2011	5	31	34.3	592	0	127	732	468	156%	15.3	-5.4	5
2011	6	1	35.7	574	0	112	732	470	156%	17.1	-1.3	7.5
2011	6	2	36.2	559	0	107	732	473	155%	17.5	-1.3	9.2
2011	6	3	36.8	541	0	102	732	475	154%	14.1	-2.9	6.1
2011	6	4	37.1	526	0	99	732	478	153%	18.3	-1	8.3
2011	6	5	36.8	498	0	94	732	480	153%	19.5	-0.3	8.9
2011	6	6	36.8	465	0	89	732	481	152%	20.8	-0.4	11.5
2011	6	7	37.4	417	0	79	732	484	151%	15.7	-1	9
2011	6	8	37.9	343	0	66	732	486	151%	18.4	-2.1	9.3
2011	6	9	37.1	292	0	53	732	489	150%	14.6	-0.7	7.7
2011	6	10	36.8	221	0	38	732	489	150%	16.3	-2.4	6.4
2011	6	11	36.8	160	0	28	732	491	149%	17.9	-1.5	8.6
2011	6	12	34	119	0	20	732	493	148%	17.7	-0.9	8.8
2011	6	13	30.3	74	0	13	732	495	148%	17.8	-0.1	9.1
2011	6	14	28.2	28	0	5	732	497	147%	14.1	0.7	7.7
2011	6	15	27.2	5	0	3	732	498	147%	18.9	-1.8	9.2
2011	6	16	27.2	0	0	0	732	500	146%	20.6	2.4	10.5
2011	6	17	26.7	0	0	0	732	502	146%	10.1	1.4	4.7
2011	6	18	25.8	0	0	0	759	503	151%	12.3	1.5	6
2011	6	19	24	0	0	0	765	505	151%	14	2.8	7.9
2011	6	20	23.5	0	0	0	767	506	152%	8.3	1.5	4.3
2011	6	21	25.2	0	0	0	780	507	154%	13.7	1.5	7.1
2011	6	22	22.7	0	0	0	782	509	154%	19.3	-0.2	9.4
2011	6	23	22.3	0	0	0	782	510	153%	22.3	0.9	11.4
2011	6	24	22.8	0	0	0	782	512	153%	22.4	2.7	12.8
2011	6	25	22.4	0	0	0	782	513	152%	21.4	2.3	12.2
2011	6	26	21.2	0	0	0	782	515	152%	20.6	0.9	11.9
2011	6	27	20.8	0	0	0	782	516	152%	20.4	0.7	10.5
2011	6	28	18.4	0	0	0	782	518	151%	23.5	1.5	13.6
2011	6	29	15.6	0	0	0	785	520	151%	23.5	5.3	13.6
2011	6	30	11.7	0	0	0	787	521	151%	20	3.4	9.4
2011	7	1	12.4	0	0	0	805	522	154%	19	4.3	9.7
2011	7	2	10.7	0	0	0	805	523	154%	21.1	3.6	12.7
2011	7	3	8.2	0	0	0	805	525	153%	23.6	2.2	12.6
2011	7	4	6.3	0	0	0	805	526	153%	24.1	3.4	13.6
2011	7	5	4.9	0	0	0	805	527	153%	18.2	4.7	11.7
2011	7	6	4.7	0	0	0	805	528	152%	19.1	5.7	11.4
2011	7	7	11.4	0	0	0	808	528	153%	19.5	4.8	11.1
2011	7	8	10.8	0	0	0	810	529	153%	17.7	6.3	10.8
2011	7	9	10.7	0	0	0	826	531	156%	15.7	6.6	9.8
2011	7	10	10.1	0	0	0	836	531	157%	17.2	6.4	10.6
2011	7	11	8.9	0	0	0	846	532	159%	18.8	5.1	11
2011	7	12	6.4	0	0	0	846	533	159%	18	4.2	11.2
2011	7	13	3.6	0	0	0	856	535	160%	20.1	5.6	11.9
2011	7	14	2.8	0	0	0	856	536	160%	21.9	4.7	13.4
2011	7	15	3.7	0	0	0	856	536	160%	23	2.5	13.2
2011	7	16	5.5	0	0	0	856	537	159%	22.3	5.3	13.2
2011	7	17	6.6	0	0	0	856	538	159%	23.5	5.6	13.3
2011	7	18	7	0	0	0	861	539	160%	22.1	7	14
2011	7	19	11.5	0	0	0	889	541	164%	21	7.8	12.2
2011	7	20	6.6	0	0	0	889	543	164%	20.7	5.2	11.9
2011	7	21	7.3	0	0	0	889	545	163%	21.2	3.9	11.9
2011	7	22	8.2	0	0	0	889	546	163%	22.7	3.1	12.6
2011	7	23	8.3	0	0	0	889	548	162%	23.4	3	13.1
2011	7	24	8.3	0	0	0	889	550	162%	22.3	6	14
2011	7	25	8.3	0	0	0	889	553	161%	22.8	6.5	14.3
2011	7	26	6.1	0	0	0	889	555	160%	16.6	8.1	11.9
2011	7	27	4.2	0	0	0	889	556	160%	18.4	5.4	11
2011	7	28	3.9	0	0	0	889	559	159%	19.5	5.3	12
2011	7	29	3.9	0	0	0	889	561	158%	20.8	4.3	12.2
2011	7	30	3.6	0	0	0	889	563	158%	23.2	3	13.4
2011	7	31	2.8	0	0	0	889	565	157%	23.1	5.9	14.6
2011	8	1	3.5	0	0	0	889	566	157%	18.4	8.7	12.4
2011	8	2	3.7	0	0	0	894	568	157%	20.1	6.9	12.8
2011	8	3	2.9	0	0	0	894	570	157%	20.5	5.1	12.5
2011	8	4	3	0	0	0	894	572	156%	18.4	5.7	11.2
2011	8	5	2.9	0	0	0	894	572	156%	18.6	3.9	10
2011	8	6	2.9	0	0	0	897	573	157%	21.5	3.2	12
2011	8	7	2.4	0	0	0	897	575	156%	21.4	1.5	11.8
2011	8	8	2.6	0	0	0	897	577	155%	20.3	2.6	10.9
2011	8	9	2	0	0	0	897	579	155%	22	1.4	11.8
2011	8	10	2.2	0	0	0	897	580	155%	21	1.8	11.1
2011	8	11	2.8	0	0	0	897	581	154%	21.7	1.9	11.8
2011	8	12	2.1	0	0	0	897	582	154%	21.2	3.5	11.9
2011	8	13	1.7	0	0	0	897	585	153%	22.9	1.9	12
2011	8	14	1.7	0	0	0	897	587	153%	19.5	6.4	11.8
2011	8	15	2.1	0	0	0	897	589	152%	21.4	4.6	12.4
2011	8	16	1.8	0	0	0	897	590	152%	19	3.7	9.9
2011	8	17	1.7	0	0	0	897	591	152%	21.3	2.7	11.5
2011	8	18	1.8	0	0	0	899	594	151%	23.1	2.6	12.8
2011	8	19	2	0	0	0	899	595	151%	21.6	5.3	11.9
2011	8	20	1.7	0	0	0	899	597	151%	21.3	2.3	11.3
2011	8	21	1.2	0	0	0	899	599	150%	19.3	4.8	10.8
2011	8	22	1.2	0	0	0	899	601	150%	20.3	4.2	10.8
2011	8	23	1.9	0	0	0	899	602	149%	22.6	3.8	12.3
2011	8	24	1.9	0	0	0	902	603	150%	23.2	4.5	13
2011	8	25	1.2	0	0	0	904	605	149%	20.8	4	12.2
2011	8	26	1.2	0	0	0	907	607	149%	21.8	7.1	12.1
2011	8	27	1.2	0	0	0	907	609	149%	21.2	4.8	12.5
2011	8	28	1.2	0	0	0	907	609	149%	20.9	6.1	11.9
2011	8	29	1.2	0	0	0	907	611	148%	18.9	4.2	10.4
2011	8	30	1.3	0	0	0	907	611	148%	19.8	2.5	10.3
2011	8	31	1.4	0	0	0	907	612	148%	21.5	3.8	11.3
2011	9	1	2.1	0	0	0	907	613	148%	21.3	4	12
2011	9	2	2.5	0	0	0	907	615	147%	18.9	2.3	10
2011	9	3	2.4	0	0	0	907	615	147%	18.3	-0.2	8.5
2011	9	4	2.4	0	0	0	907	617	147%	18.7	-1	7.8
2011	9	5	2.4	0	0	0	907	618	147%	19.9	-1.2	9.3
2011	9	6	2.4	0	0	0	914	620	147%	8.7	6.4	7.6
2011	9	7	2.3	0	0	0	919	621	148%	10.5	2.9	6.5
2011	9	8	2.3	0	0	0	919	623	148%	13.7	1	6.3
2011	9	9	2.3	0	0	0	922	624	148%	16.1	-0.7	7.3
2011	9	10	2.3	0	0	0	925	626	148%	16.2	-0.9	6.3
2011	9	11	2.3	0	0	0	925	627	148%	15.8	-0.5	7
2011	9	12	2.3	0	0	0	930	630	148%	16.4	0.6	6.7
2011	9	13	2.3	0	0	0	930	631	147%	13	0.2	5.4
2011	9	14	2.3	0	0	0	930	633	147%	14.1	-0.2	6.2
2011	9	15	2.3	0	0	0	937	635	148%	7.3	3.5	5
2011	9	16	2.3	0	0	0	940	635	148%	12.2	0.5	5.1
2011	9	17	2.3	0	0	0	940	637	148%	9.6	0.2	4.5
2011	9	18	2.3	0	0	0	942	638	148%	12.6	-0.9	5.4
2011	9	19	2.3	0	0	0	947	639	148%	14.7	-0.9	6.6
2011	9	20	2.3	0	0	0	947	641	148%	14.6	0.1	7.3
2011	9	21	2.3	0	0	0	947	644	147%	10.9	-3.6	3.4
2011	9	22	2.3	0	0	0	947	647	146%	14.9	-5.6	3.5
2011	9	23	2.3	0	0	0	947	649	146%	17.6	-2.3	6.9
2011	9	24	2.3	0	0	0	947	651	145%	17.9	-0.5	8.2
2011	9	25	2.3	0	0	0	947	652	145%	18.1	0.2	8
2011	9	26	1.7	0	0	0	947	654	145%	16.7	-1.2	7.2
2011	9	27	1.1	0	0	0	947	655	145%	17.3	-0.8	7.3
2011	9	28	1.1	0	0	0	947	656	144%	17.5	-1	7
2011	9	29	1.1	0	0	0	947	658	144%	17.6	-0.9	7.3
2011	9	30	1.1	0	0	0	947	659	144%	18.1	-1.1	7
2011	10	1	1.1	0	0	0	0	0	16.8	-0.5	6.7	3.1
2011	10	2	1.1	0	0	0	5	1	500%	17.2	-0.5	6.8
2011	10	3	1.1	0	0	0	5	2	250%	16.8	-0.4	7.6
2011	10	4	1.1	0	0	0	8	3	267%	16.1	-0.2	6.3
2011	10	5	1.1	0	0	0	8	5	160%	11.8	1.2	6.3
2011	10	6	0.7	0	0	0	8	6	133%	9.4	-2.9	1.8
2011	10	7	0.6	0	0	0	10	8	125%	4.7	-6.7	-1.3
2011	10	8	0.6	0	0	0	10	10	100%	-0.7	-4.2	-2.4
2011	10	9	0.6	5	0	10	15	11	136%	3.3	-3.7	-1.1
2011	10	10	0.6	5	0	5	18	14	129%	7.2	-7.6	-0.1
2011	10	11	0.6	0	0	0	18	15	120%	7.9	-0.7	2.8
2011	10	12	0.6	0	0	0	18	17	106%	8	-3.9	1.4
2011	10	13	0.9	0	0	0	18	18	100%	11.9	-4.4	4.5
2011	10	14	1.2	0	0	0	18	19	95%	12.9	-1.2	5.2
2011	10	15	1.1	0	3	0	18	22	82%	15.9	-1.2	8.2
2011	10	16	1.1	0	6	0	18	23	78%	14.7	0.6	8.2
2011	10	17	1.1	0	6	0	18	25	72%	5.3	-4.5	0.1
2011	10	18	1.1	8	7	5	25	27	93%	3.4	-7.4	-1.8
2011	10	19	1.1	8	7	5	25	29	86%	10.6	-8.5	-0.5
2011	10	20	1.1	5	8	5	25	31	81%	10.2	-4.6	1.4
2011	10	21	1.1	0	9	0	25	33	76%	10.8	-4.7	2.5
2011	10	22	1.1	0	11	0	28	35	80%	8.7	-1.9	3
2011	10	23	1.1	0	12	0	28	37	76%	11.4	-4.2	2.1
2011	10	24	1.1	0	14	0	28	38	74%	12.8	-2.9	4.6
2011	10	25	1.1	8	16	3	30	39	77%	8.9	-3.6	3.4
2011	10	26	1.1	20	18	20	46	41	112%	-2.6	-16.7	-6.1
2011	10	27	1.1	28	20	28	53	43	123%	-0.7	-18.3	-9.9
2011	10	28	0.8	30	23	23	53	44	120%	0.1	-16.7	-8.6
2011	10	29	0.5	41	25	23	56	46	122%	2.6	-11.9	-4.2
2011	10	30	0.5	41	27	20	56	48	117%	5.7	-10	-3
2011	10	31	0.4	41	30	18	56	50	112%	7.6	-8.8	-0.4
2011	11	1	0.4	41	32	18	56	54	104%	8	-7.4	-0.4
2011	11	2	0.4	58	35	36	69	56	123%	-5.1	-17.9	-10.3
2011	11	3	0.4	61	37	33	69	58	119%	6.1	-18.2	-5.5
2011	11	4	0.4	61	39	28	71	60	118%	8.6	-9.7	0.6
2011	11	5	0.4	61	40	25	71	62	115%	4.2	-8.7	-2.4
2011	11	6	0.4	61	42	25	71	63	113%	-2.7	-14.3	-7.7
2011	11	7	0.8	61	44	25	71	64	111%	-0.1	-15.1	-6.5
2011	11	8	1	66	46	25	74	65	114%	-3.1	-18.4	-9
2011	11	9	1	66	47	30	74	68	109%	-1.4	-19.1	-11.8
2011	11	10	1	66	48	28	74	71	104%	3.7	-17.8	-8
2011	11	11	1	66	49	28	74	72	103%	6.6	-13.1	-2.4
2011	11	12	1	69	51	25	76	75	101%	-0.2	-8.2	-3.1
2011	11	13	1	79	53	36	84	77	109%	-0.5	-5.9	-2.5
2011	11	14	1	86	55	43	91	79	115%	0.2	-6.1	-3
2011	11	15	1	89	57	41	94	83	113%	-0.2	-11.1	-3.7
2011	11	16	1	89	60	38	94	85	111%	-4.2	-16.7	-9.7
2011	11	17	0.5	89	63	38	94	86	109%	2.4	-11.1	-4.4
2011	11	18	0.4	86	65	36	94	88	107%	4.5	-2	0.9
2011	11	19	0.4	86	68	36	94	90	104%	0.3	-6.3	-3.8
2011	11	20	0.4	91	71	41	99	92	108%	1.1	-4.6	-1.2
2011	11	21	0.4	91	73	41	99	93	106%	1.7	-7.5	-3
2011	11	22	0.4	97	75	43	102	95	107%	1.8	-9.2	-3.2
2011	11	23	0.4	97	76	43	102	97	105%	6.8	-12.3	-4.3
2011	11	24	0.4	97	78	41	102	98	104%	7.5	-9.1	1.6
2011	11	25	0.5	97	81	41	104	100	104%	2.5	-10	-2.8
2011	11	26	0.5	107	83	48	112	103	109%	-6.3	-20.3	-13.5
2011	11	27	0.5	107	85	48	112	105	107%	2.1	-20.1	-10.3
2011	11	28	0.3	107	87	46	112	108	104%	6.6	-12.8	-3
2011	11	29	0.2	107	89	43	112	110	102%	3.9	-8.4	-2.5
2011	11	30	0.2	107	91	43	112	112	100%	4.6	-9.1	-2.2
2011	12	1	0.2	109	93	43	114	114	100%	-3.1	-17.3	-8.6
2011	12	2	0.2	109	94	43	114	116	98%	1.5	-18.3	-8.5
2011	12	3	0.2	109	95	43	114	118	97%	-6.5	-16.8	-10.6
2011	12	4	0.2	114	96	53	119	118	101%	-9.8	-20.4	-15.2
2011	12	5	0.2	114	97	53	119	120	99%	-12.3	-30.5	-21.3
2011	12	6	0.2	114	97	53	119	122	98%	-9.6	-30.9	-20.4
2011	12	7	0.2	112	97	51	119	123	97%	0.2	-21.4	-12.3
2011	12	8	0.2	112	97	51	119	125	95%	-2.7	-16.4	-9.9
2011	12	9	0.2	112	98	51	119	127	94%	-1.1	-17	-8.9
2011	12	10	0.2	109	99	51	119	128	93%	1.2	-17	-10.7
2011	12	11	0.2	109	101	51	119	130	92%	1.4	-17.5	-10.4
2011	12	12	0.2	109	103	48	119	131	91%	5.5	-16.3	-7.7
2011	12	13	0.2	109	105	48	119	134	89%	2.3	-13.3	-6.6
2011	12	14	0.2	109	108	48	119	136	88%	-2	-8.7	-5.9
2011	12	15	0.2	109	110	51	119	138	86%	-1.4	-17.5	-11.3
2011	12	16	0.2	109	113	51	119	140	85%	-1.2	-17.5	-11.8
2011	12	17	0.2	109	115	51	119	140	85%	5.1	-17.2	-8.8
2011	12	18	0.2	109	118	51	119	142	84%	6.9	-15.1	-6
2011	12	19	0.2	114	120	48	124	143	87%	0.3	-12.8	-6.8
2011	12	20	0.2	114	122	51	124	145	86%	-0.4	-16.7	-10.7
2011	12	21	0.2	114	123	51	124	147	84%	-3.2	-16.1	-8.3
2011	12	22	0.2	114	124	56	124	148	84%	-6.8	-23.3	-14.1
2011	12	23	0.2	114	126	56	124	151	82%	-4	-24.7	-16.7
2011	12	24	0.2	114	128	56	124	152	82%	0.3	-21.1	-13.1
2011	12	25	0.2	114	129	56	124	154	81%	3.1	-16.8	-9.5
2011	12	26	0.2	119	130	53	130	156	83%	1.4	-14.2	-8
2011	12	27	0.2	119	132	53	130	157	83%	1.8	-15.8	-7.7
2011	12	28	0.2	119	134	53	130	160	81%	2.7	-13.8	-4.2
2011	12	29	0.2	124	136	51	135	161	84%	2.9	-9.2	-0.5
2011	12	30	0.2	127	136	51	137	162	85%	5.2	-9.1	0
2011	12	31	0.2	127	137	51	137	164	84%	2.1	-19.9	-9.5
2012	1	1	0.2	127	138	51	137	166	83%	3.3	-18.3	-7.2
2012	1	2	0.2	127	140	51	137	167	82%	4.8	-16.7	-7.5
2012	1	3	0.2	127	142	51	140	168	83%	4.9	-13.5	-5.1
2012	1	4	0.2	127	143	51	140	169	83%	3.6	-15.9	-7.4
2012	1	5	0.2	127	144	51	140	171	82%	7.7	-12.9	-5.1
2012	1	6	0.2	127	146	51	140	174	80%	2.5	-12.1	-5.4
2012	1	7	0.2	127	148	51	140	175	80%	-2.4	-13.8	-6.1
2012	1	8	0.2	130	150	53	142	177	80%	-5.2	-20.7	-14.7
2012	1	9	0.2	130	151	56	142	178	80%	2	-18.3	-10.2
2012	1	10	0.2	132	152	56	142	180	79%	3.4	-15.3	-6.5
2012	1	11	0.2	132	153	53	142	182	78%	-4.2	-25.2	-12.9
2012	1	12	0.2	132	155	61	142	184	77%	-5.6	-27.6	-17.2
2012	1	13	0.2	132	155	61	142	186	76%	-3.1	-20.2	-11.9
2012	1	14	0.2	135	156	58	145	186	78%	5	-15.7	-4.2
2012	1	15	0.2	137	157	58	147	187	79%	2.9	-9.3	-2.9
2012	1	16	0.2	137	158	58	147	187	79%	-2.5	-18.1	-7.6
2012	1	17	0.2	147	159	71	152	188	81%	-9.4	-27.5	-16.4
2012	1	18	0.2	147	161	69	155	189	82%	-0.7	-9.5	-5
2012	1	19	0.2	147	163	64	155	191	81%	2.3	-4.3	-0.5
2012	1	20	0.2	155	165	69	163	193	84%	0.2	-8	-2.4
2012	1	21	0.2	155	167	69	163	193	84%	2.6	-7.6	-1.7
2012	1	22	0.2	160	170	71	168	195	86%	-2.8	-14	-7.7
2012	1	23	0.2	160	172	71	170	196	87%	-1.5	-16.2	-7.9
2012	1	24	0.2	157	174	71	170	197	86%	-3.9	-17.5	-7.7
2012	1	25	0.2	157	176	71	170	200	85%	3.3	-18	-6.4
2012	1	26	0.2	157	178	71	173	202	86%	2.1	-14.3	-4.9
2012	1	27	0.2	157	180	71	173	203	85%	-4	-22.7	-9.9
2012	1	28	0.2	157	182	71	173	204	85%	-3.5	-22.6	-11.5
2012	1	29	0.2	157	184	71	173	206	84%	2.3	-16.1	-6.6
2012	1	30	0.2	157	187	71	173	208	83%	3.4	-13.1	-3.5
2012	1	31	0.2	157	189	69	173	210	82%	1	-15.4	-5.6
2012	2	1	0.2	157	192	69	173	211	82%	0.9	-17.3	-7
2012	2	2	0.2	157	195	69	173	213	81%	-0.7	-13.2	-6.3
2012	2	3	0.2	157	198	69	173	214	81%	-4.1	-18.3	-8.9
2012	2	4	0.2	155	200	69	173	215	80%	-4	-20.4	-12.6
2012	2	5	0.2	155	201	69	173	216	80%	-0.8	-19.7	-11.7
2012	2	6	0.2	155	202	69	173	217	80%	-3.3	-18.6	-10.7
2012	2	7	0.2	155	203	69	173	218	79%	-2	-20.3	-11
2012	2	8	0.2	155	204	69	173	219	79%	1.6	-14.7	-5.7
2012	2	9	0.2	155	205	69	173	221	78%	-2.1	-13.2	-7.2
2012	2	10	0.2	155	206	69	173	223	78%	-1.6	-15.5	-6.7
2012	2	11	0.2	157	207	74	175	225	78%	3	-11.1	-3
2012	2	12	0.2	157	209	74	175	228	77%	3.5	-11.3	-3.8
2012	2	13	0.2	160	211	74	178	230	77%	-0.3	-9.8	-4.9
2012	2	14	0.2	160	212	76	178	232	77%	-1.4	-13.8	-6.6
2012	2	15	0.2	163	215	79	180	235	77%	0.2	-17.2	-8.5
2012	2	16	0.2	163	217	81	180	237	76%	-1.2	-19.1	-10.4
2012	2	17	0.2	163	219	81	180	238	76%	0.1	-20.4	-12
2012	2	18	0.2	163	222	81	183	240	76%	1.3	-20.9	-10.2
2012	2	19	0.2	168	224	79	183	242	76%	2	-15.3	-6.3
2012	2	20	0.2	173	226	86	188	246	76%	-6.5	-14.2	-10.9
2012	2	21	0.2	175	228	86	188	248	76%	-1.1	-12.3	-5.5
2012	2	22	0.2	180	229	84	190	250	76%	2.3	-4.1	-0.5
2012	2	23	0.2	190	230	97	196	252	78%	-1.4	-19.8	-11
2012	2	24	0.2	190	232	97	206	253	81%	-3.1	-16.9	-10.9
2012	2	25	0.2	190	233	94	206	255	81%	3.2	-16.5	-5.5
2012	2	26	0.2	190	235	91	206	257	80%	-6.3	-21.7	-13
2012	2	27	0.2	190	236	91	206	258	80%	4.3	-22.5	-7.4
2012	2	28	0.2	190	238	86	206	260	79%	-2.1	-10.7	-5.9
2012	2	29	0.2	203	240	102	218	262	83%	-2.1	-15.5	-7
2012	3	1	0.2	206	241	97	218	263	83%	-5.7	-17	-9.5
2012	3	2	0.2	218	243	114	231	264	88%	-8.8	-24.8	-16.4
2012	3	3	0.2	218	245	112	231	266	87%	-2.5	-19	-9.4
2012	3	4	0.2	221	247	104	234	267	88%	4.4	-12.7	-4.2
2012	3	5	0.2	221	250	104	234	268	87%	6.6	-13	-2.9
2012	3	6	0.2	221	253	104	234	272	86%	8.1	-11.4	-0.8
2012	3	7	0.2	221	255	99	234	274	85%	4.2	-6.7	-1.9
2012	3	8	0.2	221	257	97	234	276	85%	2.3	-13	-4.4
2012	3	9	0.2	218	259	97	234	277	84%	5.8	-15.7	-4.8
2012	3	10	0.2	218	261	97	234	278	84%	8.3	-13	-2.4
2012	3	11	0.2	218	262	94	234	280	84%	6.2	-8	-0.9
2012	3	12	0.2	218	263	94	234	282	83%	7.3	-6.2	0.4
2012	3	13	0.2	218	264	94	234	284	82%	8.9	-8.4	1.5
2012	3	14	0.2	218	265	91	234	285	82%	9.2	-4.2	2.5
2012	3	15	0.2	218	267	91	234	288	81%	10.4	-6.6	0.9
2012	3	16	0.2	218	269	91	234	289	81%	11	-5.8	2.3
2012	3	17	0.2	218	271	89	234	291	80%	12.6	-4.6	3.2
2012	3	18	0.2	218	273	89	234	293	80%	9.4	-7.9	0.1
2012	3	19	0.2	218	275	89	234	296	79%	-0.8	-13.7	-7.9
2012	3	20	0.2	218	277	89	234	298	79%	0.4	-16.7	-7.1
2012	3	21	0.2	218	278	89	234	300	78%	6.4	-13	-1.8
2012	3	22	0.2	218	280	89	234	301	78%	10.9	-7.6	0.5
2012	3	23	0.2	218	281	89	234	302	77%	14.2	-7.9	2.5
2012	3	24	0.2	218	284	89	234	304	77%	13.3	-5.7	3.1
2012	3	25	0.2	218	285	86	234	306	76%	14.1	-4.2	4
2012	3	26	0.2	213	287	86	234	308	76%	12.2	-2.4	3.5
2012	3	27	0.2	208	290	84	234	311	75%	9.8	-2	2.8
2012	3	28	0.2	208	292	84	234	314	75%	12.1	-5.1	4.3
2012	3	29	0.2	208	294	81	234	317	74%	10.9	-1.3	4
2012	3	30	0.2	208	296	81	234	319	73%	11.2	-1.7	5.2
2012	3	31	0.2	203	298	81	234	323	72%	15.6	-3.2	5.6
2012	4	1	0.2	203	299	76	234	325	72%	15.9	-1.6	7.4
2012	4	2	0.2	203	301	76	234	327	72%	1.2	-3.8	-1.6
2012	4	3	0.2	203	303	76	234	330	71%	6.8	-5.2	-0.5
2012	4	4	0.2	203	304	76	234	333	70%	12.1	-6.7	2.3
2012	4	5	0.2	203	306	74	234	336	70%	12.8	-4.5	4.2
2012	4	6	0.2	203	308	74	234	337	69%	9.2	-5.2	2.3
2012	4	7	0.2	203	309	74	234	338	69%	7.9	-6.4	-0.4
2012	4	8	0.2	203	311	74	234	341	69%	12.8	-7.8	1.7
2012	4	9	0.2	201	313	71	234	342	68%	14.2	-6.7	3
2012	4	10	0.2	198	315	71	234	345	68%	15.6	-5	4.9
2012	4	11	0.2	193	317	71	234	347	67%	14.9	-2.9	5.8
2012	4	12	0.2	185	318	69	236	350	67%	6.9	-2.8	1.1
2012	4	13	0.2	180	320	69	239	353	68%	5.3	-4.6	0
2012	4	14	0.2	183	320	71	241	355	68%	4.9	-4.2	-0.6
2012	4	15	0.2	190	321	81	249	356	70%	1.6	-4.1	-2.8
2012	4	16	0.2	198	323	84	257	357	72%	4.4	-5.2	-1.1
2012	4	17	0.2	198	323	79	257	358	72%	8.5	-7.1	1.2
2012	4	18	0.2	198	325	79	257	361	71%	10.7	-4.8	3.2
2012	4	19	0.2	203	328	79	267	363	74%	6.2	-3.2	1.3
2012	4	20	0.2	203	332	76	267	366	73%	8.6	-0.9	3.3
2012	4	21	0.2	203	337	76	267	368	73%	13	-2.2	5.5
2012	4	22	0.2	203	340	74	267	371	72%	15.5	-1.8	5.7
2012	4	23	0.2	198	343	74	267	374	71%	17	-2.4	6.7
2012	4	24	0.2	190	345	69	267	379	70%	16.9	-1.6	7.2
2012	4	25	0.2	183	348	64	267	383	70%	14.7	-0.1	7.4
2012	4	26	0.2	173	349	56	269	387	70%	14.3	1.7	6.7
2012	4	27	0.2	140	350	48	274	388	71%	4.4	-4.6	0.6
2012	4	28	0.2	135	352	46	274	391	70%	6.9	-7	-0.2
2012	4	29	0.2	130	354	43	277	394	70%	9.5	-7.7	0.8
2012	4	30	0.2	124	357	41	277	396	70%	13.6	-6.2	4.9
2012	5	1	0.2	117	361	36	277	400	69%	10.9	-1.3	5.2
2012	5	2	0.2	107	364	30	277	402	69%	12.8	-1.3	4.8
2012	5	3	0.2	89	367	23	277	406	68%	16.1	-1.3	7.4
2012	5	4	0.2	71	369	18	277	407	68%	17.8	-1.1	8.5
2012	5	5	0.2	51	368	13	277	409	68%	16.8	-1.6	7.2
2012	5	6	0.2	30	366	8	277	410	68%	10.1	-4.5	3.1
2012	5	7	0.3	23	362	5	277	411	67%	8	-3.8	1.9
2012	5	8	0.4	13	356	3	277	413	67%	11.9	-7	2.3
2012	5	9	0.4	8	349	3	277	416	67%	14.8	-5.2	5.3
2012	5	10	0.4	0	339	0	277	418	66%	16.1	-3.1	7.5
2012	5	11	0.4	0	330	0	277	420	66%	12.5	-0.9	4.1
2012	5	12	0.4	0	321	0	277	422	66%	10.6	-2.5	2.9
2012	5	13	0.4	0	311	0	277	425	65%	9.7	-4.3	1.9
2012	5	14	0.7	0	300	0	282	429	66%	15.5	-6.2	4.9
2012	5	15	0.9	0	290	0	282	431	65%	19.3	-3.1	8.5
2012	5	16	0.9	0	279	0	282	433	65%	17.5	0.1	7.5
2012	5	17	1	0	269	0	282	435	65%	16.9	-1	7
2012	5	18	1	0	259	0	282	438	64%	16.8	-0.5	7.9
2012	5	19	1	0	248	0	282	439	64%	6.6	-1.4	2.5
2012	5	20	1	0	237	0	295	440	67%	13.1	-2.6	4.3
2012	5	21	1	0	224	0	297	442	67%	17.9	-2.1	7.9
2012	5	22	0.9	0	208	0	297	445	67%	20.8	-0.5	11.4
2012	5	23	0.9	0	191	0	297	447	66%	8.6	-0.6	3.4
2012	5	24	0.9	0	172	0	307	449	68%	8.3	-2.3	1.4
2012	5	25	0.9	0	149	0	310	451	69%	18.8	1.1	10.2
2012	5	26	0.9	0	125	0	310	454	68%	19.3	-0.1	10.7
2012	5	27	0.9	0	100	0	312	457	68%	8.4	-2.3	3.3
2012	5	28	0.9	0	75	0	315	459	69%	12.6	-3.1	4.3
2012	5	29	0.9	0	49	0	315	461	68%	15.9	-4.4	6.5
2012	5	30	0.9	0	23	0	315	465	68%	16.4	-1.4	8.6
2012	5	31	0.9	0	0	0	315	468	67%	14.9	-0.5	9
2012	6	1	0.9	0	0	0	315	470	67%	17.8	2.4	10.3
2012	6	2	0.9	0	0	0	315	473	67%	19.3	0.9	9.2
2012	6	3	0.9	0	0	0	315	475	66%	21.4	1.2	11.2
2012	6	4	0.9	0	0	0	315	478	66%	23	1.9	12.3
2012	6	5	0.9	0	0	0	315	480	66%	20	3.5	11.9
2012	6	6	0.9	0	0	0	315	481	65%	22.1	-0.9	11.7
2012	6	7	0.9	0	0	0	318	484	66%	21.1	1.1	10.6
2012	6	8	0.9	0	0	0	320	486	66%	22.6	-0.5	12.4
2012	6	9	0.9	0	0	0	320	489	65%	21.3	2.6	13.1
2012	6	10	0.9	0	0	0	320	489	65%	13.7	-2.2	6
2012	6	11	0.9	0	0	0	320	491	65%	16	-4.6	6.8
2012	6	12	0.9	0	0	0	320	493	65%	18.4	-2	9.4
2012	6	13	0.9	0	0	0	320	495	65%	22.2	-0.7	11.5
2012	6	14	0.9	0	0	0	320	497	64%	22.2	1.9	12.1
2012	6	15	0.9	0	0	0	320	498	64%	22.9	3.4	13.2
2012	6	16	0.9	0	0	0	320	500	64%	19.4	1.9	10.4
2012	6	17	0.9	0	0	0	320	502	64%	23	0.8	13.7
2012	6	18	0.9	0	0	0	320	503	64%	23.3	3.5	16.2
2012	6	19	0.9	0	0	0	320	505	63%	23.4	3.4	15.2
2012	6	20	0.8	0	0	0	320	506	63%	18.1	-0.9	8.3
2012	6	21	0.7	0	0	0	320	507	63%	24.2	0.5	12.4
2012	6	22	0.6	0	0	0	320	509	63%	24.8	2.3	14.6
2012	6	23	0.5	0	0	0	320	510	63%	26	3.9	15.3
2012	6	24	0.5	0	0	0	320	512	63%	25.9	4.9	14.7
2012	6	25	0.5	0	0	0	320	513	62%	27.6	5.3	16.1
2012	6	26	0.5	0	0	0	320	515	62%	25.3	5.8	16
2012	6	27	0.6	0	0	0	320	516	62%	22.8	6.7	14.6
2012	6	28	0.6	0	0	0	320	518	62%	23.8	3.2	13.1
2012	6	29	0.6	0	0	0	320	520	62%	24.1	4.1	13.5
2012	6	30	0.6	0	0	0	323	521	62%	22.8	4.2	13.9
2012	7	1	0.5	0	0	0	323	522	62%	25.8	4.9	15.6
2012	7	2	0.4	0	0	0	323	523	62%	26.1	6.8	13.8
2012	7	3	0.4	0	0	0	325	525	62%	22.1	4.3	13.7
2012	7	4	0.4	0	0	0	325	526	62%	23.2	5.3	12.9
2012	7	5	0.4	0	0	0	325	527	62%	25.4	6.9	13.8
2012	7	6	0.4	0	0	0	335	528	63%	16.9	6.4	10.9
2012	7	7	0.4	0	0	0	343	528	65%	17.3	7.6	11
2012	7	8	0.4	0	0	0	356	529	67%	15.2	4.7	9.5
2012	7	9	0.4	0	0	0	358	531	67%	20.7	3.9	11.7
2012	7	10	0.4	0	0	0	358	531	67%	22.3	3.7	12.9
2012	7	11	0.4	0	0	0	358	532	67%	22.4	4.9	13.9
2012	7	12	0.4	0	0	0	358	533	67%	21.7	4.2	13.4
2012	7	13	0.3	0	0	0	358	535	67%	23.1	4.1	14.5
2012	7	14	0.1	0	0	0	358	536	67%	22.1	5.2	13
2012	7	15	0.1	0	0	0	358	536	67%	21.7	5.9	11.6
2012	7	16	0.1	0	0	0	361	537	67%	20.9	3.8	10.4
2012	7	17	0.1	0	0	0	368	538	68%	19.9	4.5	10.9
2012	7	18	0.1	0	0	0	371	539	69%	22.9	4.2	13
2012	7	19	0.1	0	0	0	371	541	69%	24.9	4.3	12.9
2012	7	20	0.1	0	0	0	371	543	68%	25.1	4.7	14.5
2012	7	21	0.1	0	0	0	371	545	68%	23.7	5.4	12.5
2012	7	22	0.1	0	0	0	396	546	73%	21.1	4.9	13.4
2012	7	23	0.1	0	0	0	399	548	73%	24.1	6	14.6
2012	7	24	0.1	0	0	0	399	550	73%	22.2	4.4	12.7
2012	7	25	0.1	0	0	0	401	553	73%	18.1	6.2	11.7
2012	7	26	0.1	0	0	0	404	555	73%	21.2	3.8	12.6
2012	7	27	0.1	0	0	0	406	556	73%	22.5	5.9	12.8
2012	7	28	0.1	0	0	0	409	559	73%	19.2	4.8	11.5
2012	7	29	0.1	0	0	0	414	561	74%	18.7	6	11.5
2012	7	30	0.1	0	0	0	424	563	75%	17.9	5.1	9.6
2012	7	31	0.1	0	0	0	442	565	78%	21.5	4	12.8
2012	8	1	0.1	0	0	0	444	566	78%	19	6.5	12.2
2012	8	2	0.1	0	0	0	444	568	78%	19.4	5.3	11.7
2012	8	3	0.1	0	0	0	444	570	78%	21	2.9	10.9
2012	8	4	0.1	0	0	0	444	572	78%	20.4	2.3	11
2012	8	5	0.1	0	0	0	447	572	78%	22.1	2.3	12.5
2012	8	6	0.1	0	0	0	447	573	78%	19.2	6.4	12.2
2012	8	7	0.3	0	0	0	455	575	79%	20.8	4.3	11.5
2012	8	8	0.5	0	0	0	457	577	79%	22.8	2.6	12.6
2012	8	9	0.3	0	0	0	457	579	79%	23.6	4.9	14.9
2012	8	10	0.2	0	0	0	460	580	79%	21.5	7.7	14.2
2012	8	11	0.2	0	0	0	460	581	79%	19.4	4.1	11.7
2012	8	12	0.2	0	0	0	460	582	79%	20.5	2.3	11
2012	8	13	0.2	0	0	0	460	585	79%	15.2	2.6	8.6
2012	8	14	0.2	0	0	0	460	587	78%	20.4	2.1	10.3
2012	8	15	0.2	0	0	0	460	589	78%	20.7	2.8	11.4
2012	8	16	0.2	0	0	0	460	590	78%	21.4	4	10.9
2012	8	17	0.2	0	0	0	460	591	78%	21.6	2.4	11.6
2012	8	18	0.2	0	0	0	460	594	77%	19.8	2.6	10.6
2012	8	19	0.2	0	0	0	460	595	77%	20.8	0.6	10.7
2012	8	20	0.2	0	0	0	460	597	77%	17.4	2.4	9.4
2012	8	21	0.2	0	0	0	462	599	77%	19.8	1.1	9.8
2012	8	22	0.2	0	0	0	462	601	77%	17.3	4.4	10.7
2012	8	23	0.2	0	0	0	465	602	77%	18.5	4.5	10.5
2012	8	24	0.2	0	0	0	465	603	77%	19.4	4.2	10.5
2012	8	25	0.2	0	0	0	465	605	77%	20	0.7	9.6
2012	8	26	0.2	0	0	0	465	607	77%	20	1	11.1
2012	8	27	0.2	0	0	0	470	609	77%	22.1	4.5	13
2012	8	28	0.2	0	0	0	470	609	77%	20.3	4.8	10.7
2012	8	29	0.3	0	0	0	478	611	78%	21.6	4	11.1
2012	8	30	0.3	0	0	0	485	611	79%	19.9	4.4	9.6
2012	8	31	0.3	0	0	0	485	612	79%	22	4	11
2012	9	1	0.3	0	0	0	485	613	79%	20.6	3.5	12.1
2012	9	2	0.3	0	0	0	485	615	79%	18.6	3.9	11.3
2012	9	3	0.3	0	0	0	485	615	79%	17.4	1.5	8.1
2012	9	4	0.3	0	0	0	485	617	79%	19.8	1.2	9.8
2012	9	5	0.3	0	0	0	488	618	79%	19.2	-0.3	9.1
2012	9	6	0.3	0	0	0	488	620	79%	18.9	-0.2	10.5
2012	9	7	0.3	0	0	0	488	621	79%	14	0.4	8.1
2012	9	8	0.3	0	0	0	488	623	78%	19.3	-2.4	7.1
2012	9	9	0.3	0	0	0	488	624	78%	21.2	-1	9.2
2012	9	10	0.3	0	0	0	488	626	78%	19.2	0.5	9.7
2012	9	11	0.3	0	0	0	488	627	78%	16.6	2.1	8.6
2012	9	12	0.3	0	0	0	498	630	79%	14.4	0.2	8.1
2012	9	13	0.3	0	0	0	498	631	79%	15.9	-1.3	6.2
2012	9	14	0.3	0	0	0	500	633	79%	18.2	-2.7	6.5
2012	9	15	0.3	0	0	0	500	635	79%	18.8	-1.9	7.6
2012	9	16	0.3	0	0	0	503	635	79%	17.5	-1.5	8.3
2012	9	17	0.3	0	0	0	503	637	79%	13.1	-1.7	6.3
2012	9	18	0.3	0	0	0	505	638	79%	16	-3.2	5.7
2012	9	19	0.3	0	0	0	505	639	79%	17.3	-1.7	6.6
2012	9	20	0.3	0	0	0	505	641	79%	17.4	-1.8	7.6
2012	9	21	0.3	0	0	0	505	644	78%	17.2	-1.4	7.2
2012	9	22	0.3	0	0	0	505	647	78%	18.5	-0.9	7.9
2012	9	23	0.3	0	0	0	505	649	78%	17.3	-1.2	9
2012	9	24	0.3	0	0	0	505	651	78%	14.6	-0.1	7.4
2012	9	25	0.3	0	0	0	505	652	77%	12.9	-0.4	5.2
2012	9	26	0.3	0	0	0	513	654	78%	12.6	0.3	5.5
2012	9	27	0.3	0	0	0	516	655	79%	7	0.9	4.3
2012	9	28	0.3	0	0	0	516	656	79%	13.7	-1	4.1
2012	9	29	0.3	0	0	0	518	658	79%	14.9	-1.8	5.7
2012	9	30	0.3	0	0	0	518	659	79%	13.8	-0.3	6.4
2012	10	1	0.3	0	0	0	0	0	13.6	-1.5	4.9	1.7
2012	10	2	0.3	0	0	0	0	1	0%	16	-2.6	5.6
2012	10	3	0.3	0	0	0	0	2	0%	15.1	-1.8	6.8
2012	10	4	0.3	0	0	0	0	3	0%	13.9	-5.1	4.3
2012	10	5	0.3	0	0	0	0	5	0%	6.3	-3.2	1.7
2012	10	6	0.3	0	0	0	0	6	0%	2.6	-8.3	-2.8
2012	10	7	0.3	0	0	0	0	8	0%	5.4	-11.5	-3.4
2012	10	8	0.3	0	0	0	0	10	0%	11.6	-9.5	2.2
2012	10	9	0.3	0	0	0	3	11	27%	11.7	-2.2	3.8
2012	10	10	0.3	0	0	0	5	14	36%	14.7	-3.6	4.8
2012	10	11	0.3	0	0	0	5	15	33%	14	-2.1	5.3
2012	10	12	0.3	0	0	0	5	17	29%	13.7	-1.1	3.4
2012	10	13	0.3	10	0	8	18	18	100%	3.1	-0.4	1.2
2012	10	14	0.3	25	0	13	36	19	189%	6.8	-3	1.9
2012	10	15	0.3	25	3	13	36	22	164%	11.3	-3.9	3.3
2012	10	16	0.3	25	6	10	36	23	157%	12	-2.4	4
2012	10	17	0.3	33	6	13	48	25	192%	1.5	-8	-2.8
2012	10	18	0.3	30	7	13	48	27	178%	5.6	-9	-2.1
2012	10	19	0.3	30	7	13	48	29	166%	11.4	-7.3	3.1
2012	10	20	0.3	30	8	10	51	31	165%	13.4	-1.5	7.4
2012	10	21	0.3	30	9	10	51	33	155%	12.8	-1.3	5.1
2012	10	22	0.3	30	11	8	51	35	146%	11.9	-1.8	6.1
2012	10	23	0.3	30	12	8	51	37	138%	10.5	5.2	7.3
2012	10	24	0.3	30	14	8	51	38	134%	8	-6.1	1.8
2012	10	25	0.3	43	16	18	61	39	156%	-2.1	-11.5	-6.1
2012	10	26	0.3	53	18	36	71	41	173%	-2.8	-16.5	-8.5
2012	10	27	0.3	53	20	30	71	43	165%	-0.2	-7.8	-3.5
2012	10	28	0.3	53	23	25	71	44	161%	5.7	-4.5	0.7
2012	10	29	0.3	56	25	20	74	46	161%	7.9	-2.9	1.9
2012	10	30	0.3	56	27	20	74	48	154%	9.3	-5.3	0.6
2012	10	31	0.2	53	30	20	74	50	148%	10.3	-5.5	0.4
2012	11	1	0.2	53	32	20	74	54	137%	10.2	-4.8	2.1
2012	11	2	0.2	53	35	18	74	56	132%	7.4	-5.5	0.3
2012	11	3	0.2	53	37	18	74	58	128%	8.1	-6.8	-1.6
2012	11	4	0.2	53	39	18	74	60	123%	6.8	-6.4	-0.1
2012	11	5	0.2	53	40	18	74	62	119%	7.2	-5.1	-0.2
2012	11	6	0.2	53	42	18	74	63	117%	9.6	-5.1	-0.1
2012	11	7	0.2	53	44	18	74	64	116%	11.2	-6.3	0.9
2012	11	8	0.2	53	46	15	74	65	114%	10.4	-4.5	2.1
2012	11	9	0.2	53	47	15	74	68	109%	8.6	-0.5	4.4
2012	11	10	0.2	56	48	15	76	71	107%	0.3	-11.2	-5
2012	11	11	0.2	64	49	30	84	72	117%	-9.7	-22.1	-13.9
2012	11	12	0.2	64	51	33	84	75	112%	-2.3	-22.4	-12.5
2012	11	13	0.2	66	53	30	86	77	112%	0.9	-13.4	-6.5
2012	11	14	0.2	66	55	28	89	79	113%	4.5	-12.5	-3.6
2012	11	15	0.2	69	57	28	89	83	107%	2.8	-11	-3
2012	11	16	0.2	69	60	28	89	85	105%	7.3	-12.4	-2.1
2012	11	17	0.2	69	63	25	91	86	106%	3.8	-5	-0.2
2012	11	18	0.2	71	65	28	91	88	103%	4.4	-3.4	0.3
2012	11	19	0.2	74	68	30	94	90	104%	5.8	-7.5	-1
2012	11	20	0.2	74	71	30	94	92	102%	7.2	-9.1	-2.1
2012	11	21	0.2	74	73	30	94	93	101%	7.3	-4.7	1.3
2012	11	22	0.2	74	75	30	94	95	99%	4.1	-8.9	-0.1
2012	11	23	0.2	74	76	30	94	97	97%	5.5	-12	-4.8
2012	11	24	0.2	74	78	28	94	98	96%	7.5	-8.7	-0.5
2012	11	25	0.2	74	81	28	97	100	97%	6.5	-6.2	0.1
2012	11	26	0.2	71	83	28	97	103	94%	2.8	-9.8	-5.1
2012	11	27	0.2	71	85	28	97	105	92%	5.6	-12.3	-3.7
2012	11	28	0.2	71	87	28	97	108	90%	5.1	-10.4	-3.7
2012	11	29	0.2	74	89	28	99	110	90%	6.2	-4.8	0.6
2012	11	30	0.2	74	91	25	99	112	88%	5.7	-5.5	1
2012	12	1	0.2	74	93	25	99	114	87%	6.5	-5.1	1
2012	12	2	0.2	74	94	25	99	116	85%	7.1	-5.3	1.6
2012	12	3	0.2	74	95	23	99	118	84%	2.7	-13.9	-4.5
2012	12	4	0.2	74	96	23	99	118	84%	3.7	-14.8	-5.3
2012	12	5	0.2	74	97	23	102	120	85%	7.6	-4.4	1.5
2012	12	6	0.2	76	97	25	104	122	85%	2.2	-4.7	-0.8
2012	12	7	0.2	76	97	25	104	123	85%	-1.5	-5.6	-3.6
2012	12	8	0.2	79	97	25	107	125	86%	-3.2	-15	-7.5
2012	12	9	0.2	81	98	28	109	127	86%	-14	-26.2	-18.3
2012	12	10	0.2	81	99	28	112	128	88%	-8.6	-19.5	-13
2012	12	11	0.2	86	101	33	117	130	90%	-5.5	-13	-9.5
2012	12	12	0.2	89	103	36	117	131	89%	0.2	-9.6	-3.5
2012	12	13	0.2	89	105	36	117	134	87%	2.3	-12.3	-4.1
2012	12	14	0.2	89	108	36	117	136	86%	1.5	-12.2	-4.9
2012	12	15	0.2	89	110	36	119	138	86%	-3.1	-11.8	-5.8
2012	12	16	0.2	91	113	38	122	140	87%	-4.8	-11.3	-8.2
2012	12	17	0.2	97	115	38	124	140	89%	-2	-9.1	-5.1
2012	12	18	0.2	104	118	51	132	142	93%	-6.1	-11.1	-7.7
2012	12	19	0.2	112	120	58	142	143	99%	-11.1	-29.4	-17.1
2012	12	20	0.2	119	122	66	150	145	103%	-6.3	-30.2	-19.3
2012	12	21	0.2	122	123	61	150	147	102%	0.4	-21	-9.8
2012	12	22	0.2	124	124	58	152	148	103%	2.4	-16.5	-7.6
2012	12	23	0.2	124	126	53	152	151	101%	-2.3	-13.1	-5.8
2012	12	24	0.2	124	128	51	152	152	100%	-2.7	-10.4	-5.6
2012	12	25	0.2	130	129	64	160	154	104%	-7.3	-21.2	-13
2012	12	26	0.2	130	130	66	160	156	103%	-4.1	-21	-10.3
2012	12	27	0.2	135	132	66	163	157	104%	-8.2	-21	-11.5
2012	12	28	0.2	135	134	66	165	160	103%	-9.8	-26.1	-17.3
2012	12	29	0.2	135	136	66	165	161	102%	-3	-26.8	-16.4
2012	12	30	0.2	135	136	64	168	162	104%	-1.9	-18.2	-7.6
2012	12	31	0.2	137	137	61	168	164	102%	-7.6	-23.5	-12.6
2013	1	1	0.2	137	138	61	168	166	101%	-10.7	-24.6	-17.5
2013	1	2	0.2	137	140	58	170	167	102%	-9.9	-23.8	-16.7
2013	1	3	0.2	137	142	58	170	168	101%	-6.9	-27.8	-19.3
2013	1	4	0.2	140	143	64	170	169	101%	-1	-21.3	-13.2
2013	1	5	0.2	140	144	64	173	171	101%	-1.2	-22.1	-14.9
2013	1	6	0.2	140	146	64	173	174	99%	4	-21.2	-9.4
2013	1	7	0.2	142	148	61	173	175	99%	2.9	-17	-8.8
2013	1	8	0.2	142	150	61	173	177	98%	-1.9	-14.6	-8.4
2013	1	9	0.2	142	151	61	175	178	98%	5.9	-16.9	-7.8
2013	1	10	0.2	142	152	61	175	180	97%	2.3	-13.5	-5.6
2013	1	11	0.2	142	153	58	175	182	96%	-4.7	-24.9	-13
2013	1	12	0.2	147	155	69	180	184	98%	-14.1	-29.1	-21.6
2013	1	13	0.2	150	155	69	183	186	98%	-13.8	-30.4	-23.1
2013	1	14	0.2	150	156	69	183	186	98%	-15.7	-30.8	-25.7
2013	1	15	0.2	150	157	69	183	187	98%	-15.9	-31.4	-20.6
2013	1	16	0.2	152	158	69	185	187	99%	-3.5	-17.7	-11.8
2013	1	17	0.2	152	159	69	185	188	98%	1.5	-19.1	-11.6
2013	1	18	0.2	152	161	69	185	189	98%	1.5	-18.6	-10.7
2013	1	19	0.2	152	163	66	185	191	97%	2.2	-17.2	-9.3
2013	1	20	0.2	152	165	66	185	193	96%	1.6	-16.5	-8.8
2013	1	21	0.2	152	167	66	185	193	96%	3.3	-17.1	-8
2013	1	22	0.2	155	170	66	185	195	95%	4.5	-15.8	-8
2013	1	23	0.2	155	172	66	185	196	94%	6.3	-14.4	-4.8
2013	1	24	0.2	157	174	64	188	197	95%	5	-9.4	-1.8
2013	1	25	0.2	157	176	64	188	200	94%	3.4	-2	-0.2
2013	1	26	0.2	157	178	64	188	202	93%	4.6	-1.2	0.7
2013	1	27	0.2	160	180	64	190	203	94%	1.5	-6.7	-1.3
2013	1	28	0.2	163	182	69	193	204	95%	-1.5	-12.6	-5.8
2013	1	29	0.2	170	184	81	201	206	98%	-9.4	-21.8	-14.4
2013	1	30	0.2	173	187	81	203	208	98%	-5.5	-17	-10.2
2013	1	31	0.2	178	189	81	206	210	98%	-2.5	-6.5	-5.1
2013	2	1	0.2	178	192	81	208	211	99%	-2.1	-7	-5.2
2013	2	2	0.2	178	195	81	208	213	98%	1.6	-16.7	-8.7
2013	2	3	0.2	178	198	81	208	214	97%	3.3	-16.8	-7.5
2013	2	4	0.2	178	200	79	208	215	97%	2.9	-17.7	-8.2
2013	2	5	0.2	180	201	79	211	216	98%	4.8	-15.8	-5.1
2013	2	6	0.2	180	202	76	211	217	97%	1.8	-15.1	-5.3
2013	2	7	0.2	185	203	84	216	218	99%	-0.8	-19.7	-11.7
2013	2	8	0.2	185	204	84	216	219	99%	3.8	-17.2	-6.7
2013	2	9	0.2	190	205	81	221	221	100%	-3.9	-10.6	-6.9
2013	2	10	0.2	198	206	99	229	223	103%	-7.4	-21.2	-12
2013	2	11	0.2	208	207	104	236	225	105%	-7.8	-24.7	-14.9
2013	2	12	0.2	208	209	102	239	228	105%	-6.6	-28.2	-17.2
2013	2	13	0.2	211	211	99	239	230	104%	-2.3	-13.9	-8.5
2013	2	14	0.2	211	212	94	241	232	104%	-2.5	-9.9	-7.1
2013	2	15	0.2	213	215	97	241	235	103%	-6.1	-15.5	-9.8
2013	2	16	0.2	213	217	97	244	237	103%	2.4	-18.9	-8.3
2013	2	17	0.2	213	219	94	244	238	103%	2.9	-15.9	-5.2
2013	2	18	0.2	216	222	99	246	240	103%	-6.5	-23.1	-12.9
2013	2	19	0.2	216	224	99	246	242	102%	3	-24.5	-10.4
2013	2	20	0.2	218	226	97	246	246	100%	1.2	-13.6	-5.8
2013	2	21	0.2	218	228	97	249	248	100%	-5.5	-19.9	-10.2
2013	2	22	0.2	218	229	97	249	250	100%	-6.7	-21.6	-13.7
2013	2	23	0.2	221	230	97	251	252	100%	-2.4	-16.2	-8.6
2013	2	24	0.2	226	232	97	254	253	100%	-7	-17.7	-10.1
2013	2	25	0.2	226	233	97	254	255	100%	-2.7	-23.5	-13.2
2013	2	26	0.2	226	235	97	254	257	99%	-7.6	-12.9	-10.6
2013	2	27	0.2	231	236	112	262	258	102%	-5.6	-24	-14.4
2013	2	28	0.2	231	238	109	262	260	101%	-4.4	-25.7	-12
2013	3	1	0.2	234	241	104	264	263	100%	-0.5	-8.9	-4.7
2013	3	2	0.2	236	243	102	267	264	101%	4.2	-5.1	-1.3
2013	3	3	0.2	236	245	99	267	266	100%	5.7	-7.6	-0.4
2013	3	4	0.3	239	247	102	269	267	101%	-1.8	-23.9	-9.9
2013	3	5	0.4	246	250	117	274	268	102%	3.8	-24.6	-10
2013	3	6	0.4	249	253	109	277	272	102%	6.4	-11.1	-0.6
2013	3	7	0.4	251	255	107	279	274	102%	7.5	-8.5	-1.3
2013	3	8	0.3	251	257	104	279	276	101%	8.2	-9.3	-0.9
2013	3	9	0.2	254	259	99	279	277	101%	-1.6	-10.3	-5.2
2013	3	10	0.2	259	261	109	284	278	102%	-2.3	-14.7	-8.8
2013	3	11	0.2	259	262	109	287	280	103%	1.3	-13.3	-4.4
2013	3	12	0.2	267	263	112	295	282	105%	2.7	-5	-1.7
2013	3	13	0.2	269	264	112	297	284	105%	7.6	-8.7	-0.4
2013	3	14	0.2	269	265	107	297	285	104%	10.2	-5.9	2.2
2013	3	15	0.2	269	267	104	297	288	103%	11.5	-1.1	5.7
2013	3	16	0.2	272	269	102	297	289	103%	5.8	-7.8	-0.2
2013	3	17	0.2	272	271	102	297	291	102%	2	-12.5	-3.7
2013	3	18	0.2	277	273	109	300	293	102%	-2.1	-17	-7.6
2013	3	19	0.2	279	275	107	300	296	101%	0.7	-16.6	-6.5
2013	3	20	0.2	279	277	107	300	298	101%	5.3	-17.4	-3.8
2013	3	21	0.2	282	278	107	302	300	101%	3.5	-16.7	-4.5
2013	3	22	0.2	284	280	107	302	301	100%	-1.5	-18.4	-10.1
2013	3	23	0.2	287	281	109	307	302	102%	-9.1	-22.1	-12.8
2013	3	24	0.2	297	284	117	315	304	104%	-9.2	-23.7	-15
2013	3	25	0.2	297	285	114	318	306	104%	-4	-14.3	-9.15
2013	3	26	0.2	297	287	114	318	308	103%	4.9	-18.1	-4.1
2013	3	27	0.2	297	290	112	320	311	103%	8	-7.3	-0.2
2013	3	28	0.2	297	292	112	320	314	102%	8	-8.8	0.1
2013	3	29	0.2	297	294	109	323	317	102%	9.4	-4.6	1.6
2013	3	30	0.2	300	296	107	323	319	101%	7	-7	0.3
2013	3	31	0.2	300	298	107	323	323	100%	9.2	-9.8	-0.7
2013	4	1	0.2	300	299	107	323	325	99%	7.8	-7.5	0.2
2013	4	2	0.2	302	301	104	325	327	99%	4.1	-6.2	-1.3
2013	4	3	0.2	307	303	109	330	330	100%	6.9	-10.6	-0.8
2013	4	4	0.2	310	304	109	330	333	99%	10.4	-2.3	3.3
2013	4	5	0.2	310	306	107	330	336	98%	10.1	-4	3.6
2013	4	6	0.2	312	308	107	333	337	99%	7.1	-7.2	0.7
2013	4	7	0.2	318	309	107	338	338	100%	6.5	-4.3	0.7
2013	4	8	0.2	323	311	107	338	341	99%	9.8	-5.5	2.3
2013	4	9	0.2	323	313	107	338	342	99%	-2.4	-16.2	-9.3
2013	4	10	0.2	323	315	112	338	345	98%	-4	-18.5	-10.3
2013	4	11	0.2	328	317	114	340	347	98%	0.4	-10.4	-4.8
2013	4	12	0.2	340	318	119	351	350	100%	5.3	-8	-1.2
2013	4	13	0.2	340	320	119	351	353	99%	7.4	-6.4	0.5
2013	4	14	0.2	361	320	130	366	355	103%	-2.1	-9.3	-5.6
2013	4	15	0.2	361	321	127	366	356	103%	-1.4	-7.1	-4.2
2013	4	16	0.2	399	323	145	399	357	112%	6.2	-8.3	-1.5
2013	4	17	0.2	406	323	147	409	358	114%	-5.8	-15.1	-9.2
2013	4	18	0.2	437	325	180	432	361	120%	-6.9	-19.5	-12.9
2013	4	19	0.2	437	328	170	434	363	120%	2.4	-18.3	-5.5
2013	4	20	0.2	439	332	163	437	366	119%	3.4	-5	-1.2
2013	4	21	0.2	447	337	163	442	368	120%	5.7	-6.5	0.4
2013	4	22	0.2	450	340	157	444	371	120%	2.4	-8.9	-2.3
2013	4	23	0.2	460	343	163	452	374	121%	-2.8	-17.1	-9.2
2013	4	24	0.2	460	345	163	452	379	119%	3.3	-17.2	-6.1
2013	4	25	0.2	460	348	160	452	383	118%	9.8	-14.9	-1.2
2013	4	26	0.2	460	349	152	452	387	117%	8.9	-8.4	1.1
2013	4	27	0.2	460	350	150	452	388	116%	10.4	-7.8	2.3
2013	4	28	0.2	460	352	147	452	391	116%	14.4	-4.5	5.4
2013	4	29	0.2	452	354	142	452	394	115%	13.9	-1.7	6.4
2013	4	30	0.2	444	357	135	452	396	114%	11.6	-3.2	5.3
2013	5	1	0.2	462	361	157	475	400	119%	-0.4	-11.8	-4.5
2013	5	2	0.2	490	364	175	495	402	123%	0.7	-16.6	-6.9
2013	5	3	0.2	490	367	165	495	406	122%	7.2	-14.5	-1.9
2013	5	4	0.2	490	369	157	498	407	122%	8.6	-6.8	1.6
2013	5	5	0.2	488	368	150	498	409	122%	12.1	-5.6	3.3
2013	5	6	0.2	485	366	145	498	410	121%	10.8	-3.9	3.5
2013	5	7	0.2	478	362	140	498	411	121%	8.8	0	3.2
2013	5	8	0.2	480	356	137	503	413	122%	8.4	-3.6	2.2
2013	5	9	0.2	480	349	135	505	416	121%	8.7	-2.7	2.9
2013	5	10	0.2	475	339	135	505	418	121%	10.5	-3.7	2.8
2013	5	11	0.2	467	330	130	505	420	120%	11.2	-4.7	3.4
2013	5	12	0.2	460	321	130	505	422	120%	13.9	-1.8	6.5
2013	5	13	0.2	444	311	124	505	425	119%	17	0.5	7.8
2013	5	14	0.2	424	300	122	505	429	118%	18.4	-0.1	7.8
2013	5	15	4.8	399	290	114	505	431	117%	15.4	0.5	5.7
2013	5	16	11	378	279	112	505	433	117%	15.4	0.6	6.4
2013	5	17	11.7	353	269	107	505	435	116%	16.7	-1	7
2013	5	18	11.2	325	259	99	505	438	115%	12.2	-1.5	4
2013	5	19	8.4	307	248	91	505	439	115%	8.1	-1.2	3
2013	5	20	5.1	284	237	84	505	440	115%	4.3	-0.5	1.5
2013	5	21	3.8	302	224	91	518	442	117%	10.6	-2.2	2.6
2013	5	22	1.8	295	208	89	518	445	116%	16.5	-1.8	8
2013	5	23	1.8	267	191	79	518	447	116%	19	0.3	9.4
2013	5	24	2.7	234	172	71	518	449	115%	17.5	-1	8.1
2013	5	25	3.7	206	149	64	518	451	115%	17.6	-1.6	8.4
2013	5	26	4.5	168	125	53	518	454	114%	18.8	-1.2	8.8
2013	5	27	3.3	130	100	43	518	457	113%	15.3	-1.6	6.8
2013	5	28	1.3	99	75	30	518	459	113%	15	-2	6.8
2013	5	29	0.4	74	49	20	518	461	112%	8.8	-1.3	2.6
2013	5	30	0.4	74	23	18	526	465	113%	8.6	-1.3	2.7
2013	5	31	0.4	61	0	13	526	468	112%	10	-1.6	4.3
2013	6	1	0.4	30	0	8	526	470	112%	10.1	-1.4	3.5
2013	6	2	0.4	20	0	5	526	473	111%	19.5	-2.5	8.8
2013	6	3	0.4	5	0	3	526	475	111%	18.7	-0.4	10.6
2013	6	4	0.4	0	0	0	526	478	110%	18.2	-2.5	9
2013	6	5	0.4	0	0	0	526	480	110%	15.5	-1	7.3
2013	6	6	0.4	0	0	0	526	481	109%	16.9	-1.8	7.6
2013	6	7	0.4	0	0	0	526	484	109%	17.9	0.8	9.5
2013	6	8	0.4	0	0	0	526	486	108%	16.7	4.2	10.6
2013	6	9	0.4	0	0	0	526	489	108%	20.9	-0.3	11.7
2013	6	10	0.4	0	0	0	526	489	108%	23.3	4.9	13.6
2013	6	11	0.4	0	0	0	526	491	107%	21.8	2.6	12.9
2013	6	12	0.4	0	0	0	526	493	107%	23	1.2	13
2013	6	13	0.4	0	0	0	526	495	106%	21.8	5	13.6
2013	6	14	0.4	0	0	0	526	497	106%	21.2	3.2	12.8
2013	6	15	0.4	0	0	0	526	498	106%	20.1	-0.8	10.9
2013	6	16	0.4	0	0	0	526	500	105%	16.6	2.9	8.7
2013	6	17	0.5	0	0	0	526	502	105%	19.2	0.6	8.9
2013	6	18	0.5	0	0	0	526	503	105%	20.6	1.2	11.1
2013	6	19	0.5	0	0	0	526	505	104%	22	0.1	12.4
2013	6	20	0.5	0	0	0	526	506	104%	22	1.9	13.1
2013	6	21	0.5	0	0	0	526	507	104%	21.3	0.9	11.3
2013	6	22	0.5	0	0	0	526	509	103%	19.9	0.5	10.5
2013	6	23	0.5	0	0	0	526	510	103%	20.9	-1.6	9.9
2013	6	24	0.5	0	0	0	526	512	103%	20.1	0.6	11.8
2013	6	25	0.4	0	0	0	526	513	103%	19.6	3.4	12
2013	6	26	0.5	0	0	0	526	515	102%	24.2	2	13.7
2013	6	27	0.5	0	0	0	526	516	102%	24.6	6.2	15.5
2013	6	28	0.4	0	0	0	526	518	102%	25.4	4.9	16
2013	6	29	0.5	0	0	0	526	520	101%	22	6	14.1
2013	6	30	0.5	0	0	0	526	521	101%	20.4	3.4	12.4
2013	7	1	0.5	0	0	0	526	522	101%	19.4	2.9	10.9
2013	7	2	0.5	0	0	0	526	523	101%	19.7	1.9	11
2013	7	3	0.4	0	0	0	526	525	100%	21.5	2.1	10.4
2013	7	4	0.4	0	0	0	528	526	100%	22.9	2.3	12.2
2013	7	5	0.4	0	0	0	528	527	100%	19.9	6.7	12.8
2013	7	6	0.4	0	0	0	528	528	100%	20.3	7.5	12.8
2013	7	7	0.4	0	0	0	538	528	102%	21.3	3.9	12.8
2013	7	8	0.4	0	0	0	538	529	102%	20.8	5.7	12.8
2013	7	9	0.4	0	0	0	538	531	101%	22.6	4.1	12.9
2013	7	10	0.4	0	0	0	538	531	101%	24.5	4.8	14.4
2013	7	11	0.4	0	0	0	538	532	101%	26.5	5.5	17.3
2013	7	12	0.4	0	0	0	538	533	101%	22.6	6.6	12.9
2013	7	13	0.4	0	0	0	544	535	102%	20.7	5.9	12
2013	7	14	0.4	0	0	0	546	536	102%	19.9	4.8	11.1
2013	7	15	0.4	0	0	0	546	536	102%	20.4	4.9	12.4
2013	7	16	0.4	0	0	0	549	537	102%	22.9	3.4	13.1
2013	7	17	0.4	0	0	0	549	538	102%	22.8	4.7	13.1
2013	7	18	0.4	0	0	0	549	539	102%	21.3	5.7	12.6
2013	7	19	0.4	0	0	0	556	541	103%	22.2	5.6	13.4
2013	7	20	0.4	0	0	0	556	543	102%	22.9	4	12.9
2013	7	21	0.4	0	0	0	556	545	102%	23.6	2.8	14.2
2013	7	22	0.4	0	0	0	556	546	102%	23.8	4	15.5
2013	7	23	0.4	0	0	0	556	548	101%	23.5	3.6	13.5
2013	7	24	0.4	0	0	0	561	550	102%	24.2	4.2	14.1
2013	7	25	0.4	0	0	0	561	553	101%	16.8	5.2	11.3
2013	7	26	0.4	0	0	0	564	555	102%	20	2.7	11
2013	7	27	0.4	0	0	0	564	556	101%	22.2	2.6	11.5
2013	7	28	0.4	0	0	0	564	559	101%	15.7	6.2	10
2013	7	29	0.4	0	0	0	569	561	101%	13.7	5.3	9.2
2013	7	30	0.4	0	0	0	572	563	102%	19.2	5.6	10.9
2013	7	31	0.4	0	0	0	577	565	102%	21.7	4.3	12.1
2013	8	1	0.4	0	0	0	577	566	102%	19.3	3.4	11.4
2013	8	2	0.4	0	0	0	577	568	102%	22.7	3.7	12.4
2013	8	3	0.4	0	0	0	577	570	101%	19.2	5.3	11.3
2013	8	4	0.4	0	0	0	577	572	101%	19.1	3.9	11.7
2013	8	5	0.4	0	0	0	579	572	101%	18.2	3.4	9.6
2013	8	6	0.4	0	0	0	582	573	102%	17.2	2.5	9
2013	8	7	0.4	0	0	0	582	575	101%	15.9	2.8	9
2013	8	8	0.3	0	0	0	582	577	101%	16.3	2.1	7.1
2013	8	9	0.3	0	0	0	584	579	101%	14.7	1.3	7.3
2013	8	10	0.3	0	0	0	587	580	101%	19.4	1	9.8
2013	8	11	0.3	0	0	0	587	581	101%	15.4	2.7	8.9
2013	8	12	0.4	0	0	0	587	582	101%	18	1.9	9.5
2013	8	13	0.4	0	0	0	589	585	101%	14.3	1.5	6.7
2013	8	14	0.4	0	0	0	599	587	102%	18.7	0.6	8.1
2013	8	15	0.4	0	0	0	599	589	102%	19.9	0.6	10
2013	8	16	0.4	0	0	0	599	590	102%	21.8	1.3	11.1
2013	8	17	0.4	0	0	0	599	591	101%	23	3	12.1
2013	8	18	0.4	0	0	0	599	594	101%	20.4	3.4	10.5
2013	8	19	0.3	0	0	0	599	595	101%	22.5	3.4	12.5
2013	8	20	0.3	0	0	0	599	597	100%	23	4.3	13.5
2013	8	21	0.3	0	0	0	599	599	100%	22.1	6	13.5
2013	8	22	0.3	0	0	0	599	601	100%	19.8	5.8	12.1
2013	8	23	0.3	0	0	0	602	602	100%	21.5	5.8	11.9
2013	8	24	0.3	0	0	0	605	603	100%	18.4	5.4	11.3
2013	8	25	0.3	0	0	0	605	605	100%	19.6	5.1	11.1
2013	8	26	0.3	0	0	0	607	607	100%	20.5	8.5	13.2
2013	8	27	0.3	0	0	0	607	609	100%	22.2	5.2	13.1
2013	8	28	0.3	0	0	0	607	609	100%	20.3	5.4	11.4
2013	8	29	0.2	0	0	0	610	611	100%	21.1	4.3	11.6
2013	8	30	0.2	0	0	0	610	611	100%	20.7	5.1	12.5
2013	8	31	0.2	0	0	0	612	612	100%	19.2	5	10.7
2013	9	1	0.2	0	0	0	612	613	100%	19.7	5.3	11.9
2013	9	2	0.2	0	0	0	612	615	100%	23.2	7.4	14.1
2013	9	3	0.2	0	0	0	612	615	100%	21.3	5.3	13
2013	9	4	0.2	0	0	0	612	617	99%	22	5.9	12.8
2013	9	5	0.2	0	0	0	612	618	99%	21.8	5.6	11.8
2013	9	6	0.2	0	0	0	612	620	99%	21	6	12.2
2013	9	7	0.2	0	0	0	617	621	99%	21.1	5.3	11
2013	9	8	0.2	0	0	0	640	623	103%	20.5	4.1	10.9
2013	9	9	0.2	0	0	0	643	624	103%	16.9	7.6	10.3
2013	9	10	0.2	0	0	0	645	626	103%	16	8.1	10.3
2013	9	11	0.2	0	0	0	648	627	103%	14.6	7.8	10.9
2013	9	12	0.3	0	0	0	653	630	104%	13.9	7.3	9.7
2013	9	13	0.2	0	0	0	671	631	106%	14.1	3.6	8.7
2013	9	14	0.2	0	0	0	678	633	107%	15.7	4.1	9.2
2013	9	15	0.2	0	0	0	678	635	107%	15.2	3.7	8.4
2013	9	16	0.2	0	0	0	681	635	107%	15.7	2	7.2
2013	9	17	0.2	0	0	0	681	637	107%	17.2	2.3	8.6
2013	9	18	0.2	0	0	0	681	638	107%	14.8	3.9	8
2013	9	19	0.2	0	0	0	691	639	108%	12.2	-2.6	5.1
2013	9	20	0.2	0	0	0	693	641	108%	17.4	-4.1	4.7
2013	9	21	0.2	0	0	0	693	644	108%	17.5	-1	7
2013	9	22	0.2	0	0	0	693	647	107%	12.9	1.2	5.2
2013	9	23	0.2	0	0	0	706	649	109%	7.8	-1.8	2.7
2013	9	24	0.2	0	0	0	709	651	109%	14.8	-2.6	4.5
2013	9	25	0.2	0	0	0	709	652	109%	16.7	-1.5	9.1
2013	9	26	0.2	0	0	0	709	654	108%	17.3	1.4	8.3
2013	9	27	0.2	0	0	0	709	655	108%	5.5	-2.6	0.8
2013	9	28	0.2	0	0	0	714	656	109%	9.6	-4.5	1.6
2013	9	29	0.2	0	0	0	716	658	109%	12.6	-3.3	4.9
2013	9	30	0.2	0	0	0	716	659	109%	16.3	0.3	8.2
2013	10	1	0.2	0	0	0	0	0	17.5	-1.6	6.4	2.4
2013	10	2	0.2	0	0	0	0	1	0%	15.5	-1.7	6.9
2013	10	3	0.2	0	0	0	0	2	0%	13	-2.3	5.1
2013	10	4	0.2	8	0	5	5	3	167%	-2.2	-8	-5.1
2013	10	5	0.2	30	0	30	28	5	560%	1.8	-11.4	-5.5
2013	10	6	0.2	30	0	28	28	6	467%	8.4	-12.3	-2.4
2013	10	7	0.2	30	0	23	30	8	375%	13.8	-6.3	4.2
2013	10	8	0.2	30	0	15	33	10	330%	13.7	-1.8	6.2
2013	10	9	0.2	28	0	15	33	11	300%	12.1	-1.8	4.1
2013	10	10	0.2	25	0	10	33	14	236%	9.7	-1.2	2
2013	10	11	0.2	25	0	8	36	15	240%	4.1	-0.9	0.7
2013	10	12	0.2	25	0	8	38	17	224%	5.9	-5.4	-0.2
2013	10	13	0.2	25	0	8	38	18	211%	11.9	-5.6	2.6
2013	10	14	0.2	25	0	8	38	19	200%	2.5	-3.6	-0.1
2013	10	15	0.2	33	3	13	46	22	209%	-0.7	-8	-4.1
2013	10	16	0.2	36	6	15	46	23	200%	2.5	-10.8	-5.2
2013	10	17	0.2	33	6	15	46	25	184%	3.7	-9	-1.6
2013	10	18	0.2	38	7	20	51	27	189%	-0.7	-12	-6.3
2013	10	19	0.2	46	7	25	56	29	193%	5.7	-13.3	-3.7
2013	10	20	0.2	46	8	25	56	31	181%	2.3	-9	-2.5
2013	10	21	0.2	56	9	30	66	33	200%	3.7	-12.3	-4
2013	10	22	0.2	56	11	30	66	35	189%	8.8	-9.1	-1.5
2013	10	23	0.2	56	12	28	66	37	178%	10.7	-6.6	0
2013	10	24	0.2	56	14	28	69	38	182%	10.9	-6.8	0.9
2013	10	25	0.2	56	16	28	69	39	177%	10.1	-5.4	1.6
2013	10	26	0.2	56	18	28	69	41	168%	9.4	-5.5	0.4
2013	10	27	0.2	56	20	28	69	43	160%	9.3	-6.7	0.4
2013	10	28	0.2	56	23	25	69	44	157%	9.5	-3.2	1.9
2013	10	29	0.2	56	25	25	69	46	150%	5.9	-5.1	-0.1
2013	10	30	0.2	69	27	38	79	48	165%	0	-8.9	-3.6
2013	10	31	0.2	71	30	38	81	50	162%	0.4	-5.8	-3.2
2013	11	1	0.2	71	32	38	81	54	150%	0.5	-11.9	-4.8
2013	11	2	0.2	71	35	41	81	56	145%	7	-12.6	-2.2
2013	11	3	0.2	71	37	36	84	58	145%	6.6	-11.1	0.1
2013	11	4	0.2	74	39	38	86	60	143%	1.2	-13.1	-4.9
2013	11	5	0.2	76	40	38	86	62	139%	-5.5	-21.2	-12.2
2013	11	6	0.2	76	42	43	86	63	137%	-1.4	-18.7	-7.1
2013	11	7	0.2	79	44	38	91	64	142%	6.9	-12.1	-2
2013	11	8	0.2	79	46	38	91	65	140%	7.4	-3.2	2.4
2013	11	9	0.2	79	47	36	91	68	134%	8.1	-6	-0.9
2013	11	10	0.2	79	48	38	91	71	128%	8.9	-8.2	-1.2
2013	11	11	0.2	79	49	38	91	72	126%	8.9	-7.6	-0.9
2013	11	12	0.2	79	51	36	91	75	121%	8.9	-8.3	-2
2013	11	13	0.2	79	53	38	91	77	118%	8.4	-9.2	-0.9
2013	11	14	0.2	79	55	36	91	79	115%	4.6	-5.8	0.1
2013	11	15	0.2	79	57	36	91	83	110%	3.7	-5.6	-0.7
2013	11	16	0.2	84	60	36	97	85	114%	-0.7	-5.5	-3.4
2013	11	17	0.2	97	63	53	107	86	124%	-0.9	-9.3	-5.5
2013	11	18	0.2	104	65	58	117	88	133%	3.7	-12.9	-6
2013	11	19	0.2	104	68	56	117	90	130%	3.8	-11.3	-2.9
2013	11	20	0.2	107	71	48	119	92	129%	2.4	-3.2	-1.3
2013	11	21	0.2	107	73	48	119	93	128%	2.6	-13.8	-5.6
2013	11	22	0.2	119	75	61	124	95	131%	-1.8	-13.2	-7.2
2013	11	23	0.2	119	76	58	132	97	136%	0.8	-8.9	-4.3
2013	11	24	0.2	119	78	58	132	98	135%	1.8	-7.9	-3.2
2013	11	25	0.2	119	81	56	132	100	132%	-0.4	-12	-4.9
2013	11	26	0.2	119	83	56	132	103	128%	0.4	-13.7	-7.1
2013	11	27	0.2	119	85	56	132	105	126%	3.9	-15.2	-7.4
2013	11	28	0.2	119	87	56	132	108	122%	6.6	-11.7	-5.5
2013	11	29	0.2	119	89	53	132	110	120%	3.2	-11	-5.2
2013	11	30	0.2	119	91	53	132	112	118%	2.3	-13.5	-7
2013	12	1	0.2	119	93	53	132	114	116%	0.6	-12.7	-4
2013	12	2	0.2	122	94	48	137	116	118%	-0.5	-3.2	-2.1
2013	12	3	0.2	127	95	51	142	118	120%	-1	-12	-4.5
2013	12	4	0.2	137	96	64	150	118	127%	-10.5	-31.1	-20.8
2013	12	5	0.2	145	97	79	152	120	127%	-13.3	-32	-24
2013	12	6	0.2	145	97	74	152	122	125%	-14	-26.5	-19.6
2013	12	7	0.2	145	97	69	157	123	128%	-8.3	-17.5	-12.7
2013	12	8	0.2	152	97	74	163	125	130%	-12.3	-23.7	-16.8
2013	12	9	0.2	152	98	76	163	127	128%	-16.2	-29.6	-20.8
2013	12	10	0.2	152	99	74	165	128	129%	-8.6	-17.8	-11.8
2013	12	11	0.2	152	101	71	168	130	129%	-3.2	-20.5	-13.3
2013	12	12	0.2	152	103	71	168	131	128%	2.2	-19	-10.8
2013	12	13	0.2	152	105	71	170	134	127%	-0.3	-16.2	-9.2
2013	12	14	0.2	152	108	69	170	136	125%	-3.3	-17.3	-11.2
2013	12	15	0.2	152	110	69	170	138	123%	1.9	-10.4	-5.1
2013	12	16	0.2	152	113	69	173	140	124%	3.7	-11.1	-5.1
2013	12	17	0.2	152	115	69	173	140	124%	4.6	-12.7	-6.1
2013	12	18	0.2	152	118	69	173	142	122%	4.9	-11.3	-5
2013	12	19	0.2	152	120	69	173	143	121%	3.6	-9.2	-1.9
2013	12	20	0.2	155	122	66	175	145	121%	-1.7	-15.1	-6.2
2013	12	21	0.2	155	123	66	175	147	119%	-5.5	-13.4	-9.3
2013	12	22	0.2	157	124	69	178	148	120%	-6.2	-13.1	-8.9
2013	12	23	0.2	157	126	69	178	151	118%	-1.8	-8	-5.3
2013	12	24	0.2	160	128	71	178	152	117%	-1.5	-20.7	-9.2
2013	12	25	0.2	160	129	74	178	154	116%	-4.6	-21.6	-14.8
2013	12	26	0.2	160	130	74	178	156	114%	-0.1	-19.6	-12.3
2013	12	27	0.2	160	132	74	178	157	113%	2.6	-15.9	-8.6
2013	12	28	0.2	160	134	74	180	160	113%	2.2	-13.4	-5.9
2013	12	29	0.2	160	136	74	183	161	114%	-5.4	-17.4	-10.2
2013	12	30	0.2	163	136	74	183	162	113%	-2.1	-12.8	-7.2
2013	12	31	0.2	163	137	74	183	164	112%	-1.2	-9.2	-4.6
2014	1	1	0.2	163	138	71	183	166	110%	-3.3	-18.3	-8.2
2014	1	2	0.2	163	140	71	183	167	110%	1.5	-18.6	-8.5
2014	1	3	0.2	163	142	71	185	168	110%	2.6	-14	-4.7
2014	1	4	0.2	165	143	76	188	169	111%	-3.5	-19.9	-11
2014	1	5	0.2	173	144	91	190	171	111%	-14.6	-21.5	-16.8
2014	1	6	0.2	173	146	89	193	174	111%	-6.9	-24.6	-15.9
2014	1	7	0.2	173	148	86	193	175	110%	0.6	-20.1	-8.9
2014	1	8	0.2	175	150	84	198	177	112%	-1.8	-7.5	-5.4
2014	1	9	0.2	178	151	84	201	178	113%	-3.6	-11.7	-6.3
2014	1	10	0.2	183	152	94	203	180	113%	-4.9	-12.9	-8.6
2014	1	11	0.2	185	153	94	208	182	114%	3.2	-5.8	-1.4
2014	1	12	0.2	185	155	91	211	184	115%	-0.3	-10.4	-7.1
2014	1	13	0.2	193	155	99	216	186	116%	-3.2	-10.3	-6.7
2014	1	14	0.2	193	156	97	216	186	116%	-4.6	-9.1	-6.3
2014	1	15	0.2	193	157	91	216	187	116%	1.6	-15.6	-7.2
2014	1	16	0.2	190	158	91	216	187	116%	-1.9	-17.3	-10.6
2014	1	17	0.2	190	159	91	216	188	115%	0.2	-18	-10.5
2014	1	18	0.2	190	161	91	216	189	114%	1.5	-17.4	-10.3
2014	1	19	0.2	190	163	89	216	191	113%	3.9	-16.2	-8.2
2014	1	20	0.2	190	165	89	216	193	112%	-0.2	-17.6	-7.5
2014	1	21	0.2	188	167	89	216	193	112%	4.8	-18.9	-9.8
2014	1	22	0.2	188	170	89	216	195	111%	2	-17.4	-8.2
2014	1	23	0.2	188	172	89	216	196	110%	-7	-22.4	-13.2
2014	1	24	0.2	188	174	89	216	197	110%	0.8	-22.4	-12.5
2014	1	25	0.2	188	176	89	216	200	108%	5	-16.6	-7.4
2014	1	26	0.2	188	178	89	216	202	107%	2.7	-14.7	-5.6
2014	1	27	0.2	188	180	89	216	203	106%	-3.6	-16.8	-8.7
2014	1	28	0.2	190	182	97	216	204	106%	-7.6	-26.2	-16.6
2014	1	29	0.2	190	184	97	216	206	105%	-0.7	-20.9	-7.5
2014	1	30	0.2	196	187	91	224	208	108%	-1.6	-6.6	-4.5
2014	1	31	0.2	203	189	102	231	210	110%	-4.6	-10	-7.2
2014	2	1	0.2	206	192	107	231	211	109%	-7.6	-18	-12.8
2014	2	2	0.2	206	195	107	231	213	108%	-6.6	-25.6	-14.9
2014	2	3	0.2	208	198	104	231	214	108%	-4.7	-15.8	-10.5
2014	2	4	0.2	211	200	107	236	215	110%	-5	-23.5	-12.7
2014	2	5	0.2	213	201	109	236	216	109%	-10.4	-26.8	-17.5
2014	2	6	0.3	213	202	107	236	217	109%	-6.6	-15.1	-9.6
2014	2	7	0.3	216	203	104	241	218	111%	-3.6	-9.4	-6.6
2014	2	8	0.3	224	204	117	249	219	114%	-0.4	-6.8	-3.2
2014	2	9	0.3	234	205	122	257	221	116%	0.8	-4.4	-1.8
2014	2	10	0.3	244	206	127	269	223	121%	-1.6	-16.2	-5.6
2014	2	11	0.3	249	207	127	272	225	121%	-1.9	-18.9	-8.9
2014	2	12	0.3	249	209	124	272	228	119%	-0.4	-12	-4.8
2014	2	13	0.3	251	211	122	272	230	118%	2.9	-3	-0.4
2014	2	14	0.2	254	212	122	277	232	119%	2.8	-7.9	-1.2
2014	2	15	0.2	254	215	117	279	235	119%	6.2	-2.3	2.7
2014	2	16	0.2	254	217	117	279	237	118%	5.4	-9.4	-1
2014	2	17	0.2	259	219	124	282	238	118%	2.9	-18.3	-4.8
2014	2	18	0.2	262	222	122	284	240	118%	4.9	-5.1	-0.5
2014	2	19	0.2	262	224	119	284	242	117%	3.2	-11.8	-5.1
2014	2	20	0.2	269	226	127	284	246	115%	-8.3	-14.2	-11.9
2014	2	21	0.2	272	228	124	290	248	117%	-1.5	-10.4	-6.1
2014	2	22	0.2	272	229	122	292	250	117%	-1.7	-8.7	-5.4
2014	2	23	0.2	277	230	122	292	252	116%	2.7	-7	-2.2
2014	2	24	0.2	277	232	122	297	253	117%	5.7	-8.1	0.4
2014	2	25	0.2	277	233	119	297	255	116%	5.3	-8.7	-0.7
2014	2	26	0.2	277	235	119	297	257	116%	1.9	-16	-6.7
2014	2	27	0.2	277	236	117	297	258	115%	5.6	-7.8	-0.3
2014	2	28	0.2	279	238	119	300	260	115%	1.5	-3.5	-1.5
2014	3	1	0.2	284	241	124	300	263	114%	0.5	-7.8	-1.2
2014	3	2	0.2	297	243	127	312	264	118%	1.7	-9.6	-4.6
2014	3	3	0.2	297	245	124	312	266	117%	4.4	-7.5	-2.2
2014	3	4	0.2	297	247	130	315	267	118%	5.6	-8.2	-2
2014	3	5	0.2	307	250	132	318	268	119%	2.7	-10.8	-4.3
2014	3	6	0.2	307	253	132	320	272	118%	7.9	-10.7	-1.1
2014	3	7	0.2	307	255	130	323	274	118%	-0.6	-13	-3.2
2014	3	8	0.2	325	257	147	333	276	121%	1.3	-13.6	-6.8
2014	3	9	0.2	325	259	142	333	277	120%	8.9	-15.1	-3.3
2014	3	10	0.2	328	261	137	335	278	121%	9.5	-6.9	2.4
2014	3	11	0.2	330	262	137	335	280	120%	-0.5	-20.4	-7
2014	3	12	0.2	333	263	142	335	282	119%	4.1	-23.4	-10.4
2014	3	13	0.2	333	264	140	338	284	119%	5.2	-17.2	-4.9
2014	3	14	0.2	335	265	137	338	285	119%	5.6	-14.9	-3.8
2014	3	15	0.2	335	267	135	338	288	117%	-2	-14.3	-5.3
2014	3	16	0.2	335	269	135	338	289	117%	5.1	-16.3	-4.2
2014	3	17	0.2	335	271	132	338	291	116%	6.7	-10.1	-1.6
2014	3	18	0.2	340	273	137	343	293	117%	-4.9	-17.6	-9.4
2014	3	19	0.2	343	275	140	343	296	116%	0.8	-19.8	-7.8
2014	3	20	0.2	343	277	140	343	298	115%	6.7	-12.3	-1.4
2014	3	21	0.2	343	278	135	343	300	114%	4.6	-10.8	-1.5
2014	3	22	0.2	343	280	135	343	301	114%	-0.4	-17.4	-6.6
2014	3	23	0.2	356	281	150	356	302	118%	3.5	-17.4	-6
2014	3	24	0.2	356	284	150	356	304	117%	3.3	-6.3	-1.8
2014	3	25	0.2	356	285	142	356	306	116%	9.3	-11.5	-0.5
2014	3	26	0.2	358	287	140	356	308	116%	6.7	-6.2	-0.1
2014	3	27	0.2	361	290	145	358	311	115%	3.2	-7	-2.9
2014	3	28	0.2	368	292	150	366	314	117%	0.2	-13.3	-6.1
2014	3	29	0.2	368	294	147	366	317	115%	6.8	-14.4	-2.3
2014	3	30	0.2	368	296	142	366	319	115%	7.5	-6.3	0.5
2014	3	31	0.2	373	298	147	368	323	114%	1.5	-6.1	-2.6
2014	4	1	0.2	373	299	145	368	325	113%	1.4	-10.1	-2.9
2014	4	2	0.2	376	301	147	368	327	113%	2	-9.6	-3.2
2014	4	3	0.2	381	303	152	371	330	112%	-0.4	-15.6	-6.6
2014	4	4	0.2	384	304	155	376	333	113%	2.6	-17	-5.9
2014	4	5	0.2	384	306	150	376	336	112%	3.7	-12.8	-4.3
2014	4	6	0.2	384	308	150	376	337	112%	1.6	-8	-3.2
2014	4	7	0.2	384	309	147	376	338	111%	2.2	-5.2	-1.9
2014	4	8	0.2	386	311	150	384	341	113%	8.5	-10.8	-0.3
2014	4	9	0.2	386	313	147	384	342	112%	12.4	-5.9	4.3
2014	4	10	0.2	389	315	140	384	345	111%	9.5	-1.9	3.9
2014	4	11	0.2	389	317	140	384	347	111%	12.9	-5.3	4.5
2014	4	12	0.2	394	318	137	384	350	110%	12	-2.2	4.4
2014	4	13	0.2	396	320	140	389	353	110%	2	-13.3	-4.7
2014	4	14	0.2	422	320	170	411	355	116%	-2.3	-16.2	-10.5
2014	4	15	0.2	422	321	165	417	356	117%	7	-16.2	-2.3
2014	4	16	0.2	422	323	160	417	357	117%	5.4	-8.2	-1.2
2014	4	17	0.2	422	323	157	419	358	117%	9.5	-9	0.5
2014	4	18	0.2	422	325	155	419	361	116%	13.4	-6.1	3.9
2014	4	19	0.2	422	328	147	419	363	115%	11.6	-2	3.7
2014	4	20	0.2	427	332	142	422	366	115%	10.8	-2.4	3.2
2014	4	21	0.2	424	337	140	422	368	115%	12.2	-4.2	3
2014	4	22	0.2	419	340	137	422	371	114%	14	-3.6	5.2
2014	4	23	0.2	417	343	132	422	374	113%	7.5	-5.3	2
2014	4	24	0.2	411	345	132	422	379	111%	9	-9.4	0.1
2014	4	25	0.2	411	348	132	422	383	110%	13.2	-4.8	4.3
2014	4	26	0.2	409	349	127	422	387	109%	12.1	-1.2	5.3
2014	4	27	0.2	414	350	132	427	388	110%	-0.8	-4.1	-2.3
2014	4	28	0.2	411	352	132	427	391	109%	0.7	-5.5	-3.2
2014	4	29	0.2	414	354	135	427	394	108%	0	-6	-4.1
2014	4	30	0.2	422	357	135	427	396	108%	-0.3	-6	-3.7
2014	5	1	0.2	424	361	135	437	400	109%	6.9	-9	-0.4
2014	5	2	0.2	432	364	132	439	402	109%	12.1	-6	4.9
2014	5	3	0.2	427	367	130	439	406	108%	15.7	-2.3	7.8
2014	5	4	0.2	419	369	124	439	407	108%	15.5	2.1	10
2014	5	5	0.2	406	368	119	439	409	107%	14.8	0.6	8.2
2014	5	6	0.2	396	366	117	439	410	107%	13.9	-2.1	6.1
2014	5	7	0.2	384	362	114	439	411	107%	12.2	-2.5	4.3
2014	5	8	2.7	371	356	112	439	413	106%	5.3	-4.4	0.5
2014	5	9	4.4	366	349	112	439	416	106%	7.3	-2.9	1.8
2014	5	10	2.5	366	339	114	444	418	106%	4.5	-3	0.9
2014	5	11	0.7	376	330	119	457	420	109%	0.3	-5.4	-2.1
2014	5	12	0.2	396	321	122	475	422	113%	-0.9	-9.1	-4.7
2014	5	13	0.2	396	311	119	478	425	112%	0.9	-10.5	-4.5
2014	5	14	0.2	396	300	112	478	429	111%	5.1	-11.6	-1.6
2014	5	15	0.2	401	290	109	483	431	112%	8	-1.9	2.7
2014	5	16	0.2	399	279	102	485	433	112%	10.1	-1.1	4.7
2014	5	17	0.2	399	269	99	488	435	112%	12.2	1.2	6.2
2014	5	18	0.2	386	259	91	490	438	112%	17.4	0.1	8.4
2014	5	19	0.2	366	248	89	490	439	112%	15.8	-0.4	8.1
2014	5	20	5	343	237	84	490	440	111%	16.6	-1.8	7.2
2014	5	21	10	318	224	81	490	442	111%	16.1	-0.9	7.3
2014	5	22	11.1	292	208	81	490	445	110%	16	-0.7	7
2014	5	23	11.1	272	191	76	490	447	110%	15.1	0.3	6.9
2014	5	24	12.1	251	172	69	493	449	110%	14.5	1.4	5.7
2014	5	25	21.5	244	149	64	528	451	117%	9.5	-0.3	3.5
2014	5	26	23.8	241	125	56	536	454	118%	14.5	-0.6	5.3
2014	5	27	19.1	213	100	51	536	457	117%	18.4	-0.1	8.8
2014	5	28	17	180	75	46	538	459	117%	20.9	-0.6	10.3
2014	5	29	17.4	142	49	38	541	461	117%	20	1.3	10.3
2014	5	30	17.3	112	23	33	541	465	116%	12.1	1.9	6.5
2014	5	31	18.9	91	0	23	566	468	121%	18	1.7	7.9
2014	6	1	15.3	56	0	15	569	470	121%	16.7	-0.4	8.5
2014	6	2	12.7	20	0	8	572	473	121%	18.7	-1.4	9
2014	6	3	17	3	0	3	572	475	120%	18.8	0.9	10
2014	6	4	23.8	0	0	0	574	478	120%	20.2	-0.5	10.6
2014	6	5	20.8	0	0	0	577	480	120%	18.1	-0.4	9.3
2014	6	6	19.7	0	0	0	579	481	120%	17	-0.4	8.8
2014	6	7	20.2	0	0	0	584	484	121%	19.4	-0.9	9.1
2014	6	8	20.1	0	0	0	587	486	121%	12.3	0.3	4
2014	6	9	20.1	0	0	0	605	489	124%	13.4	-2.3	4.6
2014	6	10	20	0	0	0	605	489	124%	17.2	-1.1	9.6
2014	6	11	14.3	0	0	0	607	491	124%	17.5	2	10.2
2014	6	12	8.2	0	0	0	610	493	124%	17.7	0	9.2
2014	6	13	4.4	0	0	0	610	495	123%	19.7	1.4	10.7
2014	6	14	4.4	0	0	0	610	497	123%	15.1	-1.6	6.8
2014	6	15	4.4	0	0	0	610	498	122%	15.2	-3.3	6.1
2014	6	16	2	0	0	0	610	500	122%	17.8	0.6	10.6
2014	6	17	0.4	0	0	0	610	502	122%	19.6	1.1	11.6
2014	6	18	0.2	0	0	0	610	503	121%	16.6	-1.5	7.6
2014	6	19	0.2	0	0	0	610	505	121%	16.7	-1.4	7.3
2014	6	20	0.2	0	0	0	610	506	121%	20.9	-1.6	9.9
2014	6	21	0.2	0	0	0	610	507	120%	18.8	2.2	11.2
2014	6	22	0.2	0	0	0	610	509	120%	17.5	2.3	10
2014	6	23	0.2	0	0	0	610	510	120%	18.6	0.5	9.9
2014	6	24	0.2	0	0	0	610	512	119%	19.9	0.4	10.3
2014	6	25	0.2	0	0	0	610	513	119%	21.5	2.8	12.3
2014	6	26	0.2	0	0	0	610	515	118%	22.6	2.5	14
2014	6	27	0.2	0	0	0	610	516	118%	14.6	2.5	9
2014	6	28	0.2	0	0	0	610	518	118%	16.7	2.4	9.4
2014	6	29	0.2	0	0	0	610	520	117%	23	1	12.6
2014	6	30	0.2	0	0	0	610	521	117%	20.8	4.6	12.6
2014	7	1	0.2	0	0	0	610	522	117%	17.6	-0.8	9.6
2014	7	2	0.2	0	0	0	610	523	117%	20.5	0.7	11.2
2014	7	3	0.2	0	0	0	610	525	116%	23	2.3	12.9
2014	7	4	0.2	0	0	0	610	526	116%	20.4	3.4	10.9
2014	7	5	0.2	0	0	0	615	527	117%	22.1	2.7	11.4
2014	7	6	0.2	0	0	0	615	528	116%	23.3	3.5	13.2
2014	7	7	0.2	0	0	0	615	528	116%	23.5	4.6	14.8
2014	7	8	0.2	0	0	0	615	529	116%	22.3	5.4	13.8
2014	7	9	0.2	0	0	0	615	531	116%	22.9	4.6	13.8
2014	7	10	0.2	0	0	0	615	531	116%	23	3.8	13.5
2014	7	11	0.2	0	0	0	615	532	116%	21.3	9.1	13.5
2014	7	12	0.2	0	0	0	617	533	116%	18	5.9	11.9
2014	7	13	0.2	0	0	0	622	535	116%	20.6	3.3	12.7
2014	7	14	0.2	0	0	0	622	536	116%	20.2	5.3	12.9
2014	7	15	0.2	0	0	0	622	536	116%	20.4	4.7	12
2014	7	16	0.2	0	0	0	625	537	116%	18.5	3.5	9.8
2014	7	17	0.2	0	0	0	635	538	118%	17.5	2.5	9.8
2014	7	18	0.2	0	0	0	635	539	118%	20.5	2.8	11.2
2014	7	19	0.2	0	0	0	635	541	117%	22.7	3.3	13.4
2014	7	20	0.2	0	0	0	635	543	117%	23	4.4	12.4
2014	7	21	0.2	0	0	0	635	545	117%	23.4	3.8	13.1
2014	7	22	0.2	0	0	0	635	546	116%	24.2	3.7	14.3
2014	7	23	0.2	0	0	0	635	548	116%	25.2	5.6	15.4
2014	7	24	0.2	0	0	0	635	550	115%	21.1	6.8	15.2
2014	7	25	0.2	0	0	0	635	553	115%	22.8	5.9	11.9
2014	7	26	0.2	0	0	0	638	555	115%	22.1	4.9	12.1
2014	7	27	0.2	0	0	0	640	556	115%	21.6	4.7	12.6
2014	7	28	0.2	0	0	0	643	559	115%	21.3	5.3	13.2
2014	7	29	0.2	0	0	0	643	561	115%	18.1	6.8	11.4
2014	7	30	0.2	0	0	0	643	563	114%	11.7	6.5	9.2
2014	7	31	0.2	0	0	0	676	565	120%	16.9	4	9.7
2014	8	1	0.8	0	0	0	681	566	120%	18.3	2.7	9.2
2014	8	2	1.7	0	0	0	681	568	120%	20	0.4	9.9
2014	8	3	1.5	0	0	0	681	570	119%	21	2.2	11.8
2014	8	4	1.2	0	0	0	681	572	119%	17.9	4.5	10.3
2014	8	5	1.3	0	0	0	691	572	121%	17.5	6.7	10.6
2014	8	6	1.4	0	0	0	693	573	121%	18.6	4.2	10.7
2014	8	7	1.6	0	0	0	693	575	121%	17.8	1.5	8.6
2014	8	8	1.5	0	0	0	693	577	120%	17.8	0.6	9.5
2014	8	9	1.2	0	0	0	693	579	120%	18.7	3.3	10.3
2014	8	10	1	0	0	0	693	580	119%	18.5	2.5	10.1
2014	8	11	1	0	0	0	693	581	119%	20.4	1.5	10.7
2014	8	12	2.2	0	0	0	693	582	119%	22.6	2.4	12.9
2014	8	13	2.5	0	0	0	693	585	118%	21.3	5.7	12.3
2014	8	14	0.9	0	0	0	696	587	119%	16.6	4.5	10.5
2014	8	15	0.3	0	0	0	698	589	119%	19	3.4	9.2
2014	8	16	0.7	0	0	0	701	590	119%	20.5	2.1	10.6
2014	8	17	1.1	0	0	0	701	591	119%	21.1	2.1	11.2
2014	8	18	0.7	0	0	0	701	594	118%	20.9	3	11.5
2014	8	19	0.6	0	0	0	701	595	118%	20.1	3	11
2014	8	20	0.6	0	0	0	709	597	119%	15.9	4.5	9.7
2014	8	21	0.6	0	0	0	714	599	119%	15.9	3.5	9.6
2014	8	22	0.8	0	0	0	714	601	119%	14.6	6.4	9.7
2014	8	23	1	0	0	0	716	602	119%	11.8	2.2	7.1
2014	8	24	1	0	0	0	719	603	119%	15.3	0.3	7.6
2014	8	25	1	0	0	0	719	605	119%	17	3.6	8.8
2014	8	26	1	0	0	0	729	607	120%	16.1	1.9	9.2
2014	8	27	1	0	0	0	729	609	120%	14.1	5.8	8.7
2014	8	28	1	0	0	0	732	609	120%	10.7	2	6.2
2014	8	29	1	0	0	0	742	611	121%	15.3	1.3	6.3
2014	8	30	1	0	0	0	749	611	123%	17.6	0.6	8.1
2014	8	31	1	0	0	0	752	612	123%	15.9	1.5	8.2
2014	9	1	1	0	0	0	752	613	123%	15.6	-0.6	6.8
2014	9	2	1	0	0	0	752	615	122%	20	-1	9
2014	9	3	1	0	0	0	752	615	122%	21.3	2.5	11.3
2014	9	4	0.8	0	0	0	752	617	122%	19	1.9	8.8
2014	9	5	0.7	0	0	0	752	618	122%	14.7	2.7	7.4
2014	9	6	0.7	0	0	0	754	620	122%	16.4	0.4	7.1
2014	9	7	0.7	0	0	0	754	621	121%	16.1	0.2	7.2
2014	9	8	0.6	0	0	0	754	623	121%	15.7	2.5	7.9
2014	9	9	0.6	0	0	0	759	624	122%	10	4.7	7.3
2014	9	10	1.3	0	0	0	782	626	125%	13.6	1.3	6.9
2014	9	11	1.7	0	0	0	787	627	126%	15.3	-0.7	6.7
2014	9	12	1.1	0	0	0	787	630	125%	13.6	-3.2	3.5
2014	9	13	1.1	0	0	0	787	631	125%	16.1	-3.3	5.8
2014	9	14	1	0	0	0	787	633	124%	17	0.6	8.5
2014	9	15	0.9	0	0	0	787	635	124%	18.4	0	8.3
2014	9	16	0.8	0	0	0	787	635	124%	18.6	1.1	8.3
2014	9	17	1.8	0	0	0	787	637	124%	19.6	0.9	8.7
2014	9	18	2.7	0	0	0	787	638	123%	22.4	1.1	10.2
2014	9	19	2.7	0	0	0	787	639	123%	20.8	2.9	10.9
2014	9	20	2.7	0	0	0	787	641	123%	19.6	1.5	10.6
2014	9	21	2.7	0	0	0	787	644	122%	17.1	3.6	9.4
2014	9	22	2.7	0	0	0	787	647	122%	10.7	5.2	8
2014	9	23	2.7	0	0	0	798	649	123%	12.8	2.6	7.5
2014	9	24	2.7	0	0	0	800	651	123%	17.8	1.2	7.9
2014	9	25	2.7	0	0	0	800	652	123%	22	1.7	9.8
2014	9	26	2.6	0	0	0	800	654	122%	19.3	2.5	9.3
2014	9	27	2.6	0	0	0	800	655	122%	21	2.4	11.2
2014	9	28	2.6	0	0	0	800	656	122%	15.6	3.4	7.6
2014	9	29	2.5	0	0	0	803	658	122%	9.9	1.2	3.7
2014	9	30	2.3	8	0	3	820	659	124%	5.4	1	2.2
2014	10	1	2.5	0	0	0	0	0	4.7	-1.2	1.1	-0.05
2014	10	2	2.5	8	0	8	13	1	1300%	5.1	-2.7	0.6
2014	10	3	3.3	8	0	8	13	2	650%	8.4	-3.2	1.5
2014	10	4	4.8	8	0	3	13	3	433%	11.2	-4.4	2.7
2014	10	5	5.2	8	0	0	13	5	260%	10.8	-2.9	4.5
2014	10	6	4.7	5	0	0	13	6	217%	13.3	-1.1	5.8
2014	10	7	2	0	0	0	13	8	163%	14.5	-2.3	4.4
2014	10	8	1.1	0	0	0	13	10	130%	14.7	-1	6.2
2014	10	9	1.6	0	0	0	13	11	118%	9.4	1.5	4.9
2014	10	10	1.6	0	0	0	15	14	107%	11.1	-1.1	4.3
2014	10	11	1.9	0	0	0	15	15	100%	11.3	-0.5	5.3
2014	10	12	2.3	0	0	0	15	17	88%	5.7	-1.8	0.5
2014	10	13	2.1	8	0	5	28	18	156%	2.9	-6.5	-1.9
2014	10	14	1.4	8	0	5	28	19	147%	12	-7.8	0.1
2014	10	15	1	8	3	3	28	22	127%	15.2	-3.9	6.2
2014	10	16	1	8	6	0	28	23	122%	14.2	-1.2	5.5
2014	10	17	0.7	3	6	0	28	25	112%	13	-2.3	3.9
2014	10	18	0.3	0	7	0	28	27	104%	14	-2.6	4.1
2014	10	19	0.3	0	7	0	28	29	97%	12.6	-2.4	3.8
2014	10	20	0.3	0	8	0	28	31	90%	14.2	-2.1	4.5
2014	10	21	0.2	0	9	0	28	33	85%	11.1	-1.3	3.6
2014	10	22	0.2	0	11	0	33	35	94%	8.9	-1.7	3
2014	10	23	0.2	0	12	0	33	37	89%	11.7	-2.4	3.9
2014	10	24	0.2	0	14	0	33	38	87%	14.4	-2.1	4.7
2014	10	25	0.2	0	16	0	33	39	85%	15.1	-3.1	4.8
2014	10	26	0.2	0	18	0	36	41	88%	12.1	-0.1	6.6
2014	10	27	0.2	13	20	8	46	43	107%	-0.1	-10.1	-4.7
2014	10	28	0.2	13	23	8	46	44	105%	3.8	-9.9	-3.7
2014	10	29	0.2	15	25	8	48	46	104%	8.5	-9.1	-0.8
2014	10	30	0.2	15	27	8	48	48	100%	9.4	-4.8	0.9
2014	10	31	0.2	15	30	8	48	50	96%	12.2	-4.9	1.9
2014	11	1	0.2	15	32	8	48	54	89%	11.5	-1.6	2.8
2014	11	2	0.2	15	35	8	48	56	86%	7.4	-2.8	1.6
2014	11	3	0.2	18	37	8	51	58	88%	-0.5	-11.4	-3.5
2014	11	4	0.2	30	39	13	61	60	102%	1.8	-14.8	-6.6
2014	11	5	0.2	30	40	13	61	62	98%	5.1	-9.6	-3
2014	11	6	0.2	30	42	13	61	63	97%	10	-9.1	-1.2
2014	11	7	0.2	30	44	13	64	64	100%	8.3	-3.5	2.3
2014	11	8	0.2	30	46	13	64	65	98%	10.2	-6.1	1
2014	11	9	0.2	30	47	13	64	68	94%	10.3	-2.9	3.6
2014	11	10	0.2	33	48	13	64	71	90%	5.3	-10.8	-2.7
2014	11	11	0.2	33	49	13	64	72	89%	-0.3	-14.9	-7.4
2014	11	12	0.2	33	51	18	64	75	85%	-14	-24.4	-17.8
2014	11	13	0.2	33	53	23	64	77	83%	-3	-24.4	-10.6
2014	11	14	0.2	38	55	28	71	79	90%	-0.4	-4	-2.6
2014	11	15	0.2	43	57	33	79	83	95%	-2.3	-22.8	-9.1
2014	11	16	0.2	51	60	38	84	85	99%	-9.6	-27	-19.3
2014	11	17	0.2	51	63	38	84	86	98%	-6.5	-25.9	-17.9
2014	11	18	0.2	51	65	33	86	88	98%	-1.7	-21.7	-10.6
2014	11	19	0.4	53	68	33	91	90	101%	1.4	-13.1	-5.3
2014	11	20	0.8	53	71	30	91	92	99%	2.4	-14.4	-5
2014	11	21	0.8	56	73	30	94	93	101%	2.7	-10.3	-5
2014	11	22	0.8	56	75	28	94	95	99%	3.5	-8.3	-2.3
2014	11	23	0.8	61	76	33	102	97	105%	-3.8	-11.7	-8.1
2014	11	24	0.7	69	78	43	107	98	109%	-7.3	-18.5	-11.3
2014	11	25	0.7	66	81	41	107	100	107%	0.3	-18.5	-7
2014	11	26	0.7	71	83	41	114	103	111%	2.3	-5.9	0
2014	11	27	0.7	71	85	38	114	105	109%	7.1	-7.1	0.1
2014	11	28	0.7	71	87	36	114	108	106%	7.5	-5.6	1.9
2014	11	29	0.7	71	89	36	114	110	104%	5.9	0.9	2.9
2014	11	30	0.7	71	91	36	114	112	102%	3	-2	1.1
2014	12	1	0.7	71	93	33	114	114	100%	0.3	-3.5	-1.6
2014	12	2	0.7	76	94	38	117	116	101%	4.3	-8.8	-2.3
2014	12	3	0.5	76	95	38	117	118	99%	3.4	-9	-1.5
2014	12	4	0.3	76	96	38	117	118	99%	4	-5.9	-0.2
2014	12	5	0.3	76	97	36	117	120	98%	3.7	-8.6	-2.5
2014	12	6	0.3	76	97	36	117	122	96%	5.4	-8	-1.7
2014	12	7	0.3	76	97	36	117	123	95%	3.1	-11.2	-2.7
2014	12	8	0.3	76	97	36	117	125	94%	4.5	-12.7	-6.5
2014	12	9	0.3	76	98	36	117	127	92%	4.3	-12.8	-6
2014	12	10	0.3	76	99	36	117	128	91%	6	-12.3	-5.5
2014	12	11	0.3	76	101	36	117	130	90%	6.7	-11.6	-3.7
2014	12	12	0.3	76	103	36	117	131	89%	8.8	-8.6	-1.3
2014	12	13	0.3	76	105	36	119	134	89%	6.7	-3.3	-0.5
2014	12	14	0.3	76	108	28	122	136	90%	-2	-7	-4.1
2014	12	15	0.2	91	110	43	130	138	94%	-5.1	-18.6	-10.4
2014	12	16	0.2	91	113	53	130	140	93%	-0.2	-18.9	-8.1
2014	12	17	0.2	94	115	51	137	140	98%	-0.6	-10.8	-5.1
2014	12	18	0.2	97	118	51	140	142	99%	-2.1	-14.7	-9.5
2014	12	19	0.2	97	120	51	140	143	98%	-4	-15	-9.6
2014	12	20	0.2	97	122	51	140	145	97%	-2.9	-10.6	-6.1
2014	12	21	0.2	97	123	51	142	147	97%	0.2	-5.3	-2.9
2014	12	22	0.2	102	124	56	150	148	101%	-4.5	-11.3	-7.5
2014	12	23	0.2	104	126	53	150	151	99%	-8.7	-21.8	-12.6
2014	12	24	0.2	104	128	53	150	152	99%	-2.8	-22.7	-11.4
2014	12	25	0.2	107	129	53	155	154	101%	-1.4	-10.9	-5.1
2014	12	26	0.2	122	130	71	170	156	109%	-10.8	-18.4	-12.9
2014	12	27	0.2	124	132	74	170	157	108%	-10.8	-24.7	-17.2
2014	12	28	0.2	124	134	74	170	160	106%	-7	-16.1	-12
2014	12	29	0.2	124	136	74	170	161	106%	-11.4	-19.5	-14.9
2014	12	30	0.2	124	136	74	170	162	105%	-16.3	-27.7	-21.9
2014	12	31	0.2	124	137	71	170	164	104%	-7.3	-28	-18.6
2015	1	1	0.2	127	138	69	173	166	104%	-3.5	-19.3	-12.6
2015	1	2	0.2	127	140	66	175	167	105%	-3.3	-18.5	-12.4
2015	1	3	0.2	127	142	64	175	168	104%	-5.4	-17.7	-10.6
2015	1	4	0.2	127	143	64	175	169	104%	-4.1	-17.1	-8.1
2015	1	5	0.2	130	144	66	178	171	104%	3.6	-8.3	-2
2015	1	6	0.2	130	146	66	178	174	102%	5.4	-6	0
2015	1	7	0.2	130	148	66	178	175	102%	4.9	-8.9	-4
2015	1	8	0.2	130	150	66	178	177	101%	6.1	-7.7	-1
2015	1	9	0.2	130	151	64	178	178	100%	2.3	-12.1	-5.5
2015	1	10	0.2	130	152	64	178	180	99%	3.4	-8.7	-3.4
2015	1	11	0.2	130	153	64	178	182	98%	0.2	-7	-3.1
2015	1	12	0.2	130	155	64	178	184	97%	2.3	-11	-4.9
2015	1	13	0.2	130	155	64	178	186	96%	-0.3	-9.2	-4.2
2015	1	14	0.2	130	156	61	178	186	96%	-0.8	-16.9	-9.8
2015	1	15	0.2	130	157	61	178	187	95%	2.3	-18	-10.4
2015	1	16	0.2	130	158	61	178	187	95%	3.8	-14.3	-3.2
2015	1	17	0.2	130	159	61	178	188	95%	1.1	-12	-5.5
2015	1	18	0.2	130	161	61	178	189	94%	4.9	-10.2	-1.5
2015	1	19	0.2	130	163	61	180	191	94%	0.5	-4.6	-1.9
2015	1	20	0.2	130	165	61	180	193	93%	-3.5	-16.1	-8.3
2015	1	21	0.2	130	167	61	180	193	93%	-8.1	-23.2	-14.1
2015	1	22	0.2	130	170	61	180	195	92%	-4.3	-26.8	-17.7
2015	1	23	0.2	130	172	61	180	196	92%	-0.1	-21.4	-10.6
2015	1	24	0.2	130	174	64	180	197	91%	0.7	-18.4	-7.3
2015	1	25	0.2	130	176	64	180	200	90%	2.9	-9	-2.5
2015	1	26	0.2	130	178	64	180	202	89%	9	-10.8	-3.5
2015	1	27	0.2	130	180	64	180	203	89%	10	-7.8	-0.9
2015	1	28	0.2	130	182	64	180	204	88%	2.4	-3.6	-0.1
2015	1	29	0.2	130	184	64	183	206	89%	3.5	-8.1	-2.4
2015	1	30	0.2	130	187	64	183	208	88%	3.5	-5.9	-1.7
2015	1	31	0.2	130	189	64	183	210	87%	-0.2	-7.1	-2.8
2015	2	1	0.2	132	192	64	183	211	87%	-4.8	-12.9	-7.9
2015	2	2	0.2	132	195	66	183	213	86%	1	-6.8	-3.2
2015	2	3	0.2	135	198	69	185	214	86%	3.9	-2.9	-0.5
2015	2	4	0.2	137	200	74	188	215	87%	2	-3	-0.7
2015	2	5	0.2	145	201	76	198	216	92%	5.9	-4.8	1.5
2015	2	6	0.2	145	202	76	198	217	91%	7.9	-7.3	1.4
2015	2	7	0.2	145	203	76	198	218	91%	8.2	-6.9	1.2
2015	2	8	0.2	145	204	76	198	219	90%	7.3	-8	-1
2015	2	9	0.2	145	205	74	198	221	90%	7.4	-8.4	-0.4
2015	2	10	0.2	147	206	74	198	223	89%	2	-8.7	-2.6
2015	2	11	0.2	155	207	84	206	225	92%	1.9	-12.9	-5.9
2015	2	12	0.2	155	209	81	206	228	90%	4.9	-13.1	-4.4
2015	2	13	0.2	155	211	79	206	230	90%	6.4	-10.6	-3.5
2015	2	14	0.2	155	212	79	206	232	89%	11.1	-11.3	-0.7
2015	2	15	0.2	155	215	79	206	235	88%	2.6	-7.2	-2.9
2015	2	16	0.2	160	217	84	211	237	89%	-6.2	-12.2	-8.9
2015	2	17	0.2	168	219	89	216	238	91%	-5.5	-13.3	-9.3
2015	2	18	0.2	168	222	86	218	240	91%	2.8	-11.3	-4.7
2015	2	19	0.2	168	224	81	218	242	90%	6.7	-12.4	-3.4
2015	2	20	0.2	168	226	79	218	246	89%	-0.6	-9.7	-4.9
2015	2	21	0.2	173	228	94	226	248	91%	-4	-13.9	-8
2015	2	22	0.2	183	229	107	234	250	94%	-10.1	-16.8	-13.9
2015	2	23	0.2	185	230	104	236	252	94%	-3.5	-21.1	-12
2015	2	24	0.2	185	232	102	236	253	93%	-0.8	-21.3	-11.1
2015	2	25	0.2	188	233	97	239	255	94%	-1.9	-14.8	-6.5
2015	2	26	0.2	193	235	102	244	257	95%	-7.1	-21.4	-12
2015	2	27	0.2	193	236	102	244	258	95%	-5.1	-22.3	-14
2015	2	28	0.2	193	238	102	244	260	94%	0	-21.6	-9
2015	3	1	0.2	193	241	97	246	263	94%	-0.4	-9.3	-4.2
2015	3	2	0.2	198	243	102	254	264	96%	3.5	-4.5	-0.7
2015	3	3	0.2	213	245	112	267	266	100%	-2.4	-11.1	-6
2015	3	4	0.2	221	247	119	269	267	101%	-8.3	-26.1	-16.4
2015	3	5	0.6	221	250	117	269	268	100%	-1	-25.8	-12.7
2015	3	6	1.1	221	253	112	272	272	100%	3.4	-17.8	-7.8
2015	3	7	1.1	221	255	109	272	274	99%	6.2	-15.6	-5.3
2015	3	8	1.1	221	257	109	272	276	99%	4.5	-13	-4.9
2015	3	9	1.1	221	259	107	272	277	98%	3.4	-14.1	-5.8
2015	3	10	1.1	221	261	107	272	278	98%	6.8	-13.6	-4.4
2015	3	11	1.1	221	262	107	272	280	97%	8.5	-13.1	-1.6
2015	3	12	1.2	221	263	102	274	282	97%	6.3	-4.9	0.5
2015	3	13	1.4	221	264	102	274	284	96%	7.7	-8.5	-0.1
2015	3	14	1.4	221	265	102	274	285	96%	9.2	-11.1	-0.9
2015	3	15	1.4	221	267	99	274	288	95%	13.6	-4.5	3.3
2015	3	16	1.4	221	269	99	274	289	95%	11.9	-4.8	4.2
2015	3	17	1.6	221	271	97	274	291	94%	13.3	-2.8	4.4
2015	3	18	1.8	221	273	97	274	293	94%	7.8	-0.7	3.5
2015	3	19	1.8	224	275	97	277	296	94%	4.9	-9	-1.5
2015	3	20	2	226	277	97	277	298	93%	9.6	-11.7	-1.8
2015	3	21	2.1	226	278	94	277	300	92%	11.1	-9.1	0.5
2015	3	22	2.1	226	280	91	277	301	92%	10.2	-4.7	3.1
2015	3	23	2.2	226	281	91	279	302	92%	8.3	-3.3	1.8
2015	3	24	2.3	231	284	99	284	304	93%	3	-6.8	-1.4
2015	3	25	2.3	239	285	109	290	306	95%	-0.3	-12.8	-5.1
2015	3	26	2.2	244	287	112	295	308	96%	4.7	-13.6	-3.3
2015	3	27	2.3	246	290	109	297	311	96%	9.4	-7.7	1.7
2015	3	28	2.3	246	292	104	300	314	96%	13.6	-4.1	4.5
2015	3	29	2.4	246	294	102	300	317	95%	11.4	-5.1	2.5
2015	3	30	2.6	246	296	102	300	319	94%	11.2	-6.4	2
2015	3	31	2.8	246	298	102	300	323	93%	13.4	-6.1	3.5
2015	4	1	3.1	246	299	99	300	325	92%	9.9	-2.6	3.4
2015	4	2	3.8	249	301	97	300	327	92%	4	-6.5	-1.9
2015	4	3	3.4	249	303	97	302	330	92%	0.5	-12.5	-5.7
2015	4	4	3.2	254	304	102	302	333	91%	9.2	-14.3	-1.1
2015	4	5	3.1	254	306	97	305	336	91%	11.2	-7.5	2.9
2015	4	6	3.1	254	308	97	305	337	91%	12.2	-3.1	4.4
2015	4	7	2.8	254	309	97	305	338	90%	9.9	-5.9	2.3
2015	4	8	3	254	311	94	305	341	89%	8.9	-7	0
2015	4	9	4.4	254	313	89	307	342	90%	3.9	-8.1	-1.8
2015	4	10	5.1	254	315	89	307	345	89%	8.9	-9.7	-0.6
2015	4	11	4.7	259	317	97	307	347	88%	10.9	-8	2
2015	4	12	4.1	257	318	94	310	350	89%	8	-6.8	1.1
2015	4	13	4.2	257	320	94	310	353	88%	12	-8.3	1.6
2015	4	14	4.1	257	320	94	310	355	87%	14	-5.8	4.3
2015	4	15	3.9	257	321	94	310	356	87%	5.6	-5.1	-0.2
2015	4	16	4.1	257	323	94	310	357	87%	5	-5.7	-1
2015	4	17	4.6	262	323	94	315	358	88%	2.6	-4.6	-1.4
2015	4	18	4	277	325	109	328	361	91%	1.3	-4.9	-1.8
2015	4	19	3.5	284	328	117	335	363	92%	2	-9	-2.8
2015	4	20	3.7	290	332	112	338	366	92%	5.2	-5.9	-1.1
2015	4	21	3.5	292	337	112	338	368	92%	9.9	-7.7	1.5
2015	4	22	3.2	290	340	109	340	371	92%	12.6	-5.3	3.3
2015	4	23	3.1	287	343	107	340	374	91%	11.6	-3.2	3.8
2015	4	24	3.1	284	345	104	340	379	90%	7	-4.2	1.4
2015	4	25	4.3	290	348	104	340	383	89%	7.4	-3.7	2
2015	4	26	4.8	297	349	109	351	387	91%	6.4	-2.1	2.3
2015	4	27	4.9	297	350	107	351	388	90%	6.5	-5	1.2
2015	4	28	4.5	295	352	104	351	391	90%	11.2	-4.6	3.4
2015	4	29	4.4	295	354	102	351	394	89%	14.2	-3.9	4.8
2015	4	30	5.1	292	357	99	351	396	89%	15.6	-2.4	6.2
2015	5	1	6.4	279	361	94	353	400	88%	14.5	-1.3	5.2
2015	5	2	8.4	272	364	91	353	402	88%	13	-1.2	3.9
2015	5	3	8	267	367	89	353	406	87%	13.6	-1.7	5.2
2015	5	4	7.9	254	369	86	356	407	87%	10.2	-0.8	4
2015	5	5	8.3	249	368	84	358	409	88%	12.1	-1.3	4.8
2015	5	6	8.5	239	366	79	363	410	89%	10	1.3	3.6
2015	5	7	10.4	231	362	74	373	411	91%	9.5	-1.7	2.8
2015	5	8	10.1	226	356	74	373	413	90%	10	-1.9	3.1
2015	5	9	10.2	224	349	74	381	416	92%	4.3	-5.3	0.4
2015	5	10	9.3	231	339	79	391	418	94%	0.1	-5.6	-3.4
2015	5	11	8.5	239	330	86	399	420	95%	9.4	-5.5	0.6
2015	5	12	7.5	239	321	76	399	422	95%	13.5	-4.2	5
2015	5	13	7.6	229	311	74	401	425	94%	7.5	-1	3.1
2015	5	14	8.3	229	300	71	406	429	95%	12.8	-2.1	4.4
2015	5	15	7.7	216	290	69	406	431	94%	10.4	-1.6	2.6
2015	5	16	7.3	211	279	64	409	433	94%	9.2	-5.1	1.5
2015	5	17	7.6	208	269	64	414	435	95%	9.5	0	3.1
2015	5	18	7.1	206	259	64	417	438	95%	12.8	-1.7	5.1
2015	5	19	7.3	190	248	58	419	439	95%	5.2	0.7	2.2
2015	5	20	7.7	198	237	61	432	440	98%	8.2	-1.3	2.4
2015	5	21	7.4	196	224	64	432	442	98%	12.4	-2.3	5
2015	5	22	8.2	180	208	53	434	445	98%	9.4	0.7	3.3
2015	5	23	8.5	175	191	51	442	447	99%	10.1	-0.6	2.5
2015	5	24	8.7	173	172	53	444	449	99%	8.3	-1.2	2.1
2015	5	25	8.5	168	149	53	450	451	100%	9.8	0.4	3.7
2015	5	26	8.1	157	125	53	452	454	100%	10.8	1.7	5.3
2015	5	27	7.3	145	100	46	452	457	99%	13.4	2.4	6.3
2015	5	28	7.8	122	75	38	452	459	98%	12.5	1.1	4.9
2015	5	29	8.4	109	49	41	455	461	99%	8.8	-0.9	3
2015	5	30	8.6	104	23	36	460	465	99%	15.6	-2	6.3
2015	5	31	8.3	74	0	30	460	468	98%	19.2	1.3	9.1
2015	6	1	8.3	38	0	20	460	470	98%	19.3	1	8
2015	6	2	9.1	13	0	15	460	473	97%	19	0.6	9.6
2015	6	3	9.6	0	0	0	460	475	97%	19.9	0	10.1
2015	6	4	9.8	0	0	0	460	478	96%	20.1	-0.5	10.8
2015	6	5	9.8	0	0	0	460	480	96%	16.2	1.6	8.4
2015	6	6	9.3	0	0	0	460	481	96%	16	0.4	8
2015	6	7	8.9	0	0	0	460	484	95%	15.4	-0.9	6.8
2015	6	8	7.6	0	0	0	462	486	95%	17.6	-0.4	8.8
2015	6	9	3.9	0	0	0	462	489	94%	21.6	1.2	11.4
2015	6	10	3.9	0	0	0	462	489	94%	12.2	6.9	9
2015	6	11	7.4	0	0	0	465	491	95%	11.3	6.4	8.1
2015	6	12	7.6	0	0	0	470	493	95%	17.2	3.2	9.7
2015	6	13	7.1	0	0	0	470	495	95%	17.1	2.2	9.3
2015	6	14	6.6	0	0	0	470	497	95%	20	2.3	10.6
2015	6	15	6.1	0	0	0	470	498	94%	18.7	2.6	10.2
2015	6	16	4.9	0	0	0	470	500	94%	18	4.1	10.5
2015	6	17	3.3	0	0	0	470	502	94%	21.5	3.2	12.1
2015	6	18	3.1	0	0	0	470	503	93%	21.9	3.4	12.9
2015	6	19	2.9	0	0	0	470	505	93%	24.1	2.8	14.4
2015	6	20	2.8	0	0	0	470	506	93%	23.7	3.5	13.7
2015	6	21	2.5	0	0	0	470	507	93%	24.9	3.2	16.1
2015	6	22	2.4	0	0	0	470	509	92%	24.4	4.6	15.2
2015	6	23	2.7	0	0	0	470	510	92%	24.3	2.6	14.1
2015	6	24	2.3	0	0	0	470	512	92%	22.4	6	14.2
2015	6	25	2.6	0	0	0	472	513	92%	23	4	12.5
2015	6	26	2.8	0	0	0	472	515	92%	20.6	4.4	13
2015	6	27	2.2	0	0	0	472	516	91%	22.4	2.8	13
2015	6	28	2.7	0	0	0	472	518	91%	22.7	4.2	14
2015	6	29	2.6	0	0	0	472	520	91%	22.6	4.9	13.8
2015	6	30	2.2	0	0	0	472	521	91%	23.7	4.9	13.9
2015	7	1	2.5	0	0	0	472	522	90%	20.4	5.9	13
2015	7	2	1.9	0	0	0	472	523	90%	21.7	6	13.7
2015	7	3	2	0	0	0	472	525	90%	22.1	4.1	13.7
2015	7	4	2.3	0	0	0	472	526	90%	22.6	5.3	13.6
2015	7	5	1.8	0	0	0	472	527	90%	17.8	5.2	11.6
2015	7	6	2.4	0	0	0	478	528	91%	15.6	6.3	10
2015	7	7	2.3	0	0	0	480	528	91%	15.1	7.6	9.5
2015	7	8	2.6	0	0	0	508	529	96%	11.3	7.2	8.7
2015	7	9	3.4	0	0	0	518	531	98%	17.6	5.7	9.6
2015	7	10	2.9	0	0	0	521	531	98%	16.9	2.9	9.3
2015	7	11	2.1	0	0	0	523	532	98%	18.4	2.5	10
2015	7	12	1.9	0	0	0	523	533	98%	20.8	4.8	13.1
2015	7	13	1.9	0	0	0	523	535	98%	18.3	5.3	11.4
2015	7	14	1.9	0	0	0	526	536	98%	17.8	3.5	9.6
2015	7	15	2	0	0	0	526	536	98%	16.9	3.3	10.2
2015	7	16	2.2	0	0	0	526	537	98%	18.2	1.6	9.9
2015	7	17	2.2	0	0	0	526	538	98%	20.1	2.9	11.7
2015	7	18	2	0	0	0	526	539	98%	19.5	3.4	10.1
2015	7	19	1.5	0	0	0	526	541	97%	17.3	2.6	8.8
2015	7	20	1.3	0	0	0	526	543	97%	19.2	1.7	10.9
2015	7	21	1.9	0	0	0	526	545	97%	16.6	5.3	10.4
2015	7	22	1.5	0	0	0	528	546	97%	18.9	3.3	10.1
2015	7	23	1.5	0	0	0	528	548	96%	21.6	3	11.6
2015	7	24	1.5	0	0	0	528	550	96%	21.3	2.5	12.4
2015	7	25	1.5	0	0	0	528	553	95%	22.1	3.3	11.8
2015	7	26	1.5	0	0	0	528	555	95%	22.4	2.3	12.3
2015	7	27	1.2	0	0	0	528	556	95%	21.8	4.6	13.9
2015	7	28	1.2	0	0	0	528	559	94%	19	0.5	10.1
2015	7	29	1.2	0	0	0	528	561	94%	20.1	1.8	11.1
2015	7	30	1.1	0	0	0	528	563	94%	21.6	1.5	12.4
2015	7	31	0.9	0	0	0	528	565	93%	22.3	4.3	13.6
2015	8	1	0.8	0	0	0	528	566	93%	23	4.1	13.3
2015	8	2	0.8	0	0	0	528	568	93%	21.6	4.9	12.7
2015	8	3	1	0	0	0	531	570	93%	17.7	5.7	11.4
2015	8	4	1	0	0	0	531	572	93%	18.8	4.7	11.9
2015	8	5	0.8	0	0	0	531	572	93%	22.4	2.6	12.7
2015	8	6	0.4	0	0	0	531	573	93%	20.1	4.1	12.6
2015	8	7	0.4	0	0	0	531	575	92%	18.8	2.9	11.8
2015	8	8	0.6	0	0	0	531	577	92%	18.3	3.4	11.7
2015	8	9	0.6	0	0	0	531	579	92%	18.5	1.9	10
2015	8	10	0.8	0	0	0	531	580	92%	3.4	2.1	2.75
2015	8	11	0.8	0	0	0	531	581	91%	20.1	6.1	12
2015	8	12	0.8	0	0	0	531	582	91%	19.9	6.2	11.4
2015	8	13	0.7	0	0	0	531	585	91%	20.1	5	10.7
2015	8	14	0.7	0	0	0	536	587	91%	22.6	4.7	12.9
2015	8	15	0.9	0	0	0	541	589	92%	21.2	5.4	11.9
2015	8	16	1.2	0	0	0	551	590	93%	21	6.5	10.9
2015	8	17	1.2	0	0	0	554	591	94%	20.7	3.6	12
2015	8	18	1.2	0	0	0	554	594	93%	16.8	0.7	8.8
2015	8	19	1.1	0	0	0	554	595	93%	15	-0.6	6.7
2015	8	20	0.7	0	0	0	554	597	93%	18.7	0.7	9
2015	8	21	0.7	0	0	0	554	599	92%	21.8	-0.5	12.1
2015	8	22	0.6	0	0	0	554	601	92%	20.8	3	13.8
2015	8	23	0.5	0	0	0	554	602	92%	20	0.3	10.4
2015	8	24	0.5	0	0	0	554	603	92%	21.2	3.4	11.6
2015	8	25	0.5	0	0	0	554	605	92%	22.8	3.1	12.9
2015	8	26	0.5	0	0	0	554	607	91%	23	4.9	12.7
2015	8	27	0.5	0	0	0	554	609	91%	16.5	5.6	10.9
2015	8	28	0.5	0	0	0	554	609	91%	18	3.3	10.1
2015	8	29	0.5	0	0	0	554	611	91%	21.9	1.6	11.1
2015	8	30	0.5	0	0	0	554	611	91%	22.7	3.3	12.8
2015	8	31	0.5	0	0	0	554	612	91%	15.1	2.4	10
2015	9	1	0.5	0	0	0	554	613	90%	19	1.4	9.7
2015	9	2	0.5	0	0	0	554	615	90%	20.1	1.9	10.6
2015	9	3	0.5	0	0	0	554	615	90%	16.8	2.8	8.6
2015	9	4	0.5	0	0	0	564	617	91%	15.5	1.4	8.4
2015	9	5	0.5	0	0	0	564	618	91%	16.6	3.7	10
2015	9	6	0.5	0	0	0	564	620	91%	17.7	3	8.5
2015	9	7	0.5	0	0	0	566	621	91%	13.3	2.5	7.2
2015	9	8	0.5	0	0	0	569	623	91%	16.7	-0.6	6.8
2015	9	9	0.5	0	0	0	569	624	91%	18.8	-1.7	7.4
2015	9	10	0.5	0	0	0	569	626	91%	19	-1.2	8
2015	9	11	0.5	0	0	0	569	627	91%	18.2	-0.5	8.2
2015	9	12	0.5	0	0	0	569	630	90%	20.3	-0.5	9.2
2015	9	13	0.5	0	0	0	569	631	90%	18.3	-0.2	8.2
2015	9	14	0.4	0	0	0	569	633	90%	18.5	-0.1	9
2015	9	15	0.2	0	0	0	572	635	90%	12.8	5	8.5
2015	9	16	0.2	0	0	0	574	635	90%	15	4.6	9.4
2015	9	17	0.2	0	0	0	574	637	90%	14.8	3.2	8.3
2015	9	18	0.2	0	0	0	577	638	90%	12	-1.3	4.9
2015	9	19	0.2	0	0	0	577	639	90%	15.7	-2.4	5.5
2015	9	20	0.2	0	0	0	577	641	90%	17.3	-2.4	6.1
2015	9	21	0.2	0	0	0	579	644	90%	19.7	-1.7	8.1
2015	9	22	0.2	0	0	0	579	647	89%	18.2	1	9.6
2015	9	23	0.2	0	0	0	579	649	89%	18.8	1.1	9
2015	9	24	0.2	0	0	0	579	651	89%	19.5	-0.8	8.7
2015	9	25	0.2	0	0	0	579	652	89%	19.7	0.3	8.9
2015	9	26	0.2	0	0	0	579	654	89%	20.4	-0.3	9.1
2015	9	27	0.2	0	0	0	579	655	88%	21	0.7	10
2015	9	28	0.2	0	0	0	579	656	88%	18.1	1.7	8.7
2015	9	29	0.2	0	0	0	579	658	88%	18.2	3.5	9.6
2015	9	30	0.2	0	0	0	579	659	88%	13.8	3.1	8.1
2015	10	1	0.2	0	0	0	0	0	18.6	3.2	9.6	6.4
2015	10	2	0.2	0	0	0	0	1	0%	18.8	2.2	8.6
2015	10	3	0.2	0	0	0	3	2	150%	13.2	-0.8	5.3
2015	10	4	0.2	0	0	0	5	3	167%	14.9	-0.9	5.3
2015	10	5	0.2	0	0	0	5	5	100%	16.2	-1.3	5.7
2015	10	6	0.2	0	0	0	5	6	83%	11.9	-0.1	4.9
2015	10	7	0.2	0	0	0	13	8	163%	12.4	-0.4	5.1
2015	10	8	0.2	0	0	0	13	10	130%	14.1	-1.7	5.6
2015	10	9	0.2	0	0	0	13	11	118%	14.7	-0.6	5.6
2015	10	10	0.2	0	0	0	13	14	93%	17.4	-1.8	5.7
2015	10	11	0.2	0	0	0	13	15	87%	16.6	-0.7	7
2015	10	12	0.2	0	0	0	13	17	76%	15.1	-3.9	4.4
2015	10	13	0.2	0	0	0	13	18	72%	15.5	-1.2	6.1
2015	10	14	0.2	0	0	0	13	19	68%	16.4	-2.3	5.5
2015	10	15	0.2	0	3	0	13	22	59%	14.7	-2.5	4.4
2015	10	16	0.2	0	6	0	13	23	57%	16.1	-3.5	5.1
2015	10	17	0.2	0	6	0	13	25	52%	16.9	-1.7	6.1
2015	10	18	0.2	0	7	0	13	27	48%	12.6	0.3	5.1
2015	10	19	0.2	0	7	0	13	29	45%	8.9	-0.8	3.3
2015	10	20	0.2	0	8	0	15	31	48%	9.8	0	3.7
2015	10	21	0.2	0	9	0	15	33	45%	8.7	-2.3	3.1
2015	10	22	0.2	0	11	0	15	35	43%	2.2	-2.6	0.7
2015	10	23	0.2	18	12	10	36	37	97%	3.3	-5	0.3
2015	10	24	0.2	23	14	8	41	38	108%	6.1	-7	-1.4
2015	10	25	0.2	23	16	5	41	39	105%	9.9	-5.6	1.1
2015	10	26	0.2	23	18	8	43	41	105%	6.3	-1.2	1.7
2015	10	27	0.2	28	20	13	48	43	112%	1.2	-8	-1.3
2015	10	28	0.2	38	23	18	56	44	127%	4	-11.7	-3.8
2015	10	29	0.2	38	25	13	56	46	122%	6.7	-5.6	-0.2
2015	10	30	0.2	38	27	10	58	48	121%	3	-6.9	-1.2
2015	10	31	0.2	43	30	20	64	50	128%	6.5	-3	1.4
2015	11	1	0.2	43	32	20	64	54	119%	9.6	-3.1	2
2015	11	2	0.2	43	35	15	64	56	114%	11.4	-4.5	2.4
2015	11	3	0.2	43	37	15	64	58	110%	10.4	-5.2	1.5
2015	11	4	0.2	46	39	18	64	60	107%	3	-2.7	-0.8
2015	11	5	0.2	51	40	28	69	62	111%	-1.7	-6.6	-4.3
2015	11	6	0.2	56	42	33	71	63	113%	-1.3	-12.7	-6.3
2015	11	7	0.2	56	44	25	74	64	116%	3.8	-17.6	-8
2015	11	8	0.2	56	46	30	74	65	114%	7.4	-14.2	-5.2
2015	11	9	0.2	56	47	28	74	68	109%	6.3	-11.2	-2.4
2015	11	10	0.2	58	48	25	74	71	104%	6.5	-6.1	0.6
2015	11	11	0.2	66	49	33	81	72	113%	-2.3	-13	-7.3
2015	11	12	0.2	81	51	51	94	75	125%	-0.7	-15.1	-8.1
2015	11	13	0.2	81	53	46	94	77	122%	3	-16.7	-8.7
2015	11	14	0.2	81	55	46	94	79	119%	7.2	-13.5	-6.2
2015	11	15	0.2	81	57	46	94	83	113%	5.4	-13.1	-5.1
2015	11	16	0.2	81	60	43	97	85	114%	-1.4	-9.5	-4.6
2015	11	17	0.2	91	63	51	107	86	124%	-4.6	-8.4	-7.1
2015	11	18	0.2	94	65	53	107	88	122%	-1	-7.2	-4.2
2015	11	19	0.2	97	68	51	109	90	121%	0.4	-7.6	-2.5
2015	11	20	0.2	97	71	51	112	92	122%	0.5	-21.4	-5.1
2015	11	21	0.2	99	73	46	112	93	120%	-3	-25.4	-12.9
2015	11	22	0.2	99	75	46	114	95	120%	3.7	-17.7	-8.7
2015	11	23	0.2	102	76	48	114	97	118%	5.6	-14	-5.3
2015	11	24	0.2	102	78	46	117	98	119%	4.9	-10.9	-3.8
2015	11	25	0.2	102	81	43	117	100	117%	6.6	-9.1	-1.7
2015	11	26	0.2	102	83	43	117	103	114%	0.7	-12.5	-4.1
2015	11	27	0.2	104	85	41	119	105	113%	-0.4	-15.2	-7.4
2015	11	28	0.2	104	87	41	119	108	110%	-3.1	-15.5	-9.1
2015	11	29	0.2	104	89	46	119	110	108%	-4.1	-14.4	-9.6
2015	11	30	0.2	104	91	51	119	112	106%	-10.4	-21.7	-15.7
2015	12	1	0.2	104	93	51	119	114	104%	-6.7	-21.7	-14.6
2015	12	2	0.2	107	94	46	119	116	103%	0.3	-21.4	-10.7
2015	12	3	0.2	109	95	48	122	118	103%	1.9	-14	-6.3
2015	12	4	0.2	109	96	48	122	118	103%	5.7	-14.4	-2.5
2015	12	5	0.2	109	97	48	122	120	102%	0.3	-18.3	-6.7
2015	12	6	0.2	109	97	48	122	122	100%	5	-19.7	-6.3
2015	12	7	0.2	109	97	48	124	123	101%	3.3	-11.1	-2.2
2015	12	8	0.2	109	97	48	127	125	102%	4.3	-5.3	0.5
2015	12	9	0.2	109	98	48	127	127	100%	7.2	-7.3	0.1
2015	12	10	0.2	109	99	48	127	128	99%	4	-8.2	0.3
2015	12	11	0.2	109	101	46	127	130	98%	0.3	-5.5	-2.8
2015	12	12	0.2	119	103	56	137	131	105%	-2.3	-8.8	-6.1
2015	12	13	0.2	124	105	61	140	134	104%	-3.5	-19.8	-12.1
2015	12	14	0.2	124	108	61	140	136	103%	2	-13.1	-5.3
2015	12	15	0.2	135	110	69	147	138	107%	-6.1	-15.8	-11.3
2015	12	16	0.2	145	113	81	155	140	111%	-9.3	-16.7	-13.8
2015	12	17	0.2	145	115	76	157	140	112%	-11.3	-20.5	-15.3
2015	12	18	0.2	145	118	74	157	142	111%	-2.3	-14.6	-6.6
2015	12	19	0.2	150	120	74	163	143	114%	3.3	-10.2	-4.1
2015	12	20	0.2	150	122	71	163	145	112%	0.8	-7.1	-3.3
2015	12	21	0.2	152	123	71	168	147	114%	-3	-7	-5.4
2015	12	22	0.2	160	124	79	173	148	117%	-1.6	-8.9	-4.5
2015	12	23	0.2	180	126	102	188	151	125%	-6.2	-13.9	-10.2
2015	12	24	0.2	183	128	97	188	152	124%	-10.1	-18.5	-14.1
2015	12	25	0.2	183	129	91	188	154	122%	-5.7	-17.2	-10.5
2015	12	26	0.2	188	130	94	193	156	124%	-13.9	-25.1	-18.8
2015	12	27	0.2	188	132	91	193	157	123%	-4.6	-26.8	-18.1
2015	12	28	0.2	188	134	86	193	160	121%	-5	-22.4	-13.5
2015	12	29	0.2	190	136	81	198	161	123%	-4.6	-17.5	-11.8
2015	12	30	0.2	190	136	74	198	162	122%	-8.2	-20.1	-14.4
2015	12	31	0.2	190	137	71	198	164	121%	-10.8	-26.8	-20.2
												
